30143:3,3,2,3,3,3,2,4,4,3,1,1,3,3,3,3,1,3,2,4,4,3,3,4,1,4,4,4,4,1,1,2,3,2,4,1,1,2,3,4,3,3,2,4
10232:2,4,3,2,1,3,3,3,3,2,2,4,2,1,3,3,3,3,1,4,1,1,4,1,2,1,4,2,2,4,2,4,3,1,2,4,3,4,2,1,1,3,1,3
26045:4,4,4,1,1,1,2,3,3,2,2,4,2,1,3,3,3,3,1,4,1,1,4,1,2,1,4,2,2,4,2,4,3,1,2,4,3,4,2,1,1,3,1,3
26195:4,4,4,1,1,1,2,3,3,2,2,4,2,1,3,3,3,3,1,4,1,1,4,1,2,1,4,2,2,4,2,4,4,1,3,1,1,1,4,1,1,2,1,3
29923:4,4,4,1,1,1,2,3,3,2,2,4,2,1,3,3,1,1,4,4,4,2,2,4,1,1,1,4,3,2,3,2,2,4,2,4,3,4,2,1,1,3,1,3
38208:3,4,4,1,1,1,2,3,3,2,2,4,2,1,3,3,1,1,4,4,4,2,2,4,1,1,1,4,3,2,3,2,2,4,2,4,3,4,2,1,1,3,1,3
40385:3,4,4,1,1,1,2,3,3,2,2,4,2,1,3,3,1,1,4,4,4,2,2,4,1,3,4,3,1,1,1,4,2,1,2,3,1,4,2,4,1,3,3,3
42095:3,4,4,1,1,1,2,3,3,2,2,4,2,1,3,3,1,1,4,4,4,2,2,4,1,1,1,4,3,2,3,2,2,4,2,4,3,4,2,4,1,3,3,3
46609:3,4,4,1,1,1,2,3,3,2,2,4,2,1,3,3,1,1,4,4,4,2,2,4,1,3,4,3,1,1,1,4,2,1,2,3,1,4,2,4,3,2,3,1
46988:3,4,4,1,1,1,2,3,3,2,2,4,2,1,3,3,1,1,4,1,4,2,2,4,3,3,4,3,1,1,1,4,2,1,2,3,4,4,2,4,3,2,3,1
55673:3,4,4,1,1,1,2,3,3,2,2,4,2,1,3,3,1,1,4,4,4,1,4,4,1,3,4,3,1,1,1,4,2,1,2,3,1,4,2,4,3,2,3,1
55673:3,4,4,1,1,1,2,3,3,2,2,4,2,1,3,3,1,1,4,4,4,1,4,4,1,3,4,3,1,1,1,4,2,1,2,3,1,4,2,4,3,2,3,1
86403:3,4,2,1,1,1,2,3,4,2,2,4,2,1,4,3,1,1,4,1,4,1,1,4,1,2,4,3,1,4,1,4,2,3,2,3,1,4,2,1,3,3,3,1
8122:4,3,1,2,2,2,1,2,3,1,3,1,2,2,2,3,2,3,3,4,3,4,3,2,3,1,3,4,3,3,3,2,2,3,4,3,1,1,1,3,1,3,3,3,1,1,2,2,3,4,1,2,3,4,3,2,4,1,1,3,4,3,4,1,2,3,4,3,3,4,1,4,3,4,2,3,4,4,4,3,3,4,4,2,4,3,3,4
9175:3,2,1,1,3,3,3,3,4,1,3,1,4,3,1,1,2,3,4,3,3,3,4,3,1,1,3,4,1,4,3,3,1,3,3,3,2,2,2,1,3,4,1,3,3,2,3,1,1,2,3,3,4,2,2,1,2,1,1,3,1,1,3,3,4,3,1,2,1,4,3,2,3,1,4,2,2,3,4,4,4,2,1,2,2,3,3,2
12408:3,2,1,1,3,3,3,3,4,1,3,1,4,3,1,1,2,3,4,3,3,3,4,3,1,1,3,4,1,4,3,3,1,3,3,3,2,2,2,1,3,4,1,3,3,2,3,1,1,2,3,3,3,1,2,1,2,2,4,2,4,3,1,2,4,1,3,2,4,4,3,2,2,1,2,3,2,3,4,2,3,4,4,2,4,2,4,3
24946:4,3,1,2,2,2,1,2,3,1,3,1,2,2,2,3,2,3,3,4,3,4,3,2,3,1,3,4,3,3,3,2,2,3,4,3,1,1,1,3,1,3,3,3,1,1,2,2,3,4,1,3,3,1,2,1,2,2,4,2,4,3,1,2,4,1,3,2,4,4,3,2,2,1,2,3,2,3,4,2,3,4,4,2,4,2,4,3
35559:3,2,1,1,3,3,3,3,4,1,3,1,4,3,1,1,2,3,4,3,3,3,4,3,1,1,3,4,1,4,3,3,1,3,3,3,2,2,2,1,3,4,1,3,3,2,3,1,1,2,3,3,4,4,3,2,4,1,1,2,4,3,4,1,2,3,4,3,3,4,1,4,3,3,2,3,4,4,4,3,3,4,4,2,4,3,3,4
35559:3,2,1,1,3,3,3,3,4,1,3,1,4,3,1,1,2,3,4,3,3,3,4,3,1,1,3,4,1,4,3,3,1,3,3,3,2,2,2,1,3,4,1,3,3,2,3,1,1,2,3,3,4,4,3,2,4,1,1,2,4,3,4,1,2,3,4,3,3,4,1,4,3,3,2,3,4,4,4,3,3,4,4,2,4,3,3,4
6483:3,4,1,4,1,2,4,2,3,2,4,1,4,1,2,1,4,1,1,4,1,1,1,2,3,4,1,1,4,1,2,2,1,2,2,1,3,2,3,2,4,2,3,4,2,4,4,1,4,1,1,4,1,1,1,4,4,2,4,4,2,1,1,2,3,3
15970:2,4,1,3,3,2,1,2,1,3,2,3,1,4,1,4,3,2,1,1,1,1,2,2,2,2,2,2,1,4,2,3,4,2,1,2,4,2,4,4,4,1,2,1,4,3,1,3,1,1,4,1,1,1,2,3,2,4,1,3,4,2,1,3,4,2
25208:2,4,1,3,3,2,1,2,1,3,2,3,1,1,2,4,3,3,1,1,1,1,2,4,3,2,2,3,3,1,2,1,1,3,4,4,1,1,1,4,2,4,1,4,2,3,2,3,4,4,3,4,2,2,2,1,2,2,3,4,4,3,1,1,3,3
25208:2,4,1,3,3,2,1,2,1,3,2,3,1,1,2,4,3,3,1,1,1,1,2,4,3,2,2,3,3,1,2,1,1,3,4,4,1,1,1,4,2,4,1,4,2,3,2,3,4,4,3,4,2,2,2,1,2,2,3,4,4,3,1,1,3,3
51595:2,4,4,1,2,4,1,4,3,3,2,1,2,4,1,2,1,3,2,2,1,4,3,4,2,3,3,3,4,4,3,2,3,2,1,2,4,2,3,1,4,4,2,3,2,4,1,3,2,2,4,4,2,2,2,1,2,4,1,3,4,2,1,3,4,2
58940:2,3,1,3,3,2,4,2,1,4,2,3,1,4,1,4,3,2,1,2,1,1,2,2,2,2,2,2,1,4,2,3,3,2,1,2,4,2,3,1,4,4,2,3,2,4,1,3,2,2,4,4,2,2,2,1,2,4,1,3,4,2,1,3,0,3
69940:2,4,4,1,2,4,1,4,3,3,2,1,2,4,1,2,1,3,2,2,1,1,2,2,2,2,2,2,1,4,2,3,3,2,1,2,4,2,3,1,4,4,2,3,2,4,1,3,2,2,4,4,1,3,2,4,4,1,0,3,3,4,3,3,2,3
72843:2,4,4,1,2,4,1,4,3,3,2,1,2,4,1,2,1,3,2,2,1,1,2,2,2,2,2,2,1,4,2,3,3,2,1,2,4,2,3,1,4,4,2,3,2,4,1,3,2,2,4,4,2,2,2,1,2,4,1,3,4,2,1,3,0,3
74855:2,4,4,1,2,4,1,4,3,3,2,1,2,4,1,2,1,3,2,2,1,1,2,2,2,2,2,2,1,4,2,3,3,2,1,2,4,2,3,1,4,4,2,3,2,4,1,3,2,2,4,4,2,2,2,1,2,4,1,3,4,2,0,3,0,4
77540:2,4,4,1,2,4,1,4,3,3,2,1,2,4,1,2,1,3,2,2,1,1,2,2,2,2,2,2,1,4,2,3,3,2,1,2,4,2,3,1,4,4,2,3,2,4,1,3,2,2,4,4,2,2,2,1,2,4,1,3,4,4,3,1,1,4
79226:2,4,4,1,2,4,1,4,3,3,2,1,2,4,1,2,1,3,2,2,1,1,2,2,2,2,2,2,1,4,2,3,3,2,1,2,4,2,3,1,4,4,2,3,2,4,1,3,2,2,4,4,2,2,2,1,2,4,1,3,4,3,3,1,4,1
6715:3,0,4,4,3,2,0,0,0,4,2,0,2,1,4,2,0,4,2,1,2,3,4,4,2,1,0,3,4,2,4,2,2,3,2,1,0,3,1,1,2,3,2,0,4,1,2,0,1,4,1,4,2,1,3,0,2,4,4,2,1,3,0,4,1,3
26798:0,0,2,3,0,3,4,3,3,1,3,2,2,1,4,2,0,4,2,1,0,4,2,2,1,2,3,1,2,0,2,1,1,2,4,0,4,4,0,1,4,0,2,1,2,3,3,3,4,0,2,4,4,2,2,1,0,0,3,2,0,0,4,2,2,4
44810:3,0,2,0,1,3,3,0,3,4,2,2,2,4,3,2,1,1,3,3,2,4,2,0,1,2,4,4,2,3,3,0,4,4,4,0,2,2,1,1,1,4,3,4,3,1,1,4,3,0,2,0,0,4,1,2,2,1,2,0,4,0,1,4,0,0
50429:0,0,2,3,1,3,3,0,3,4,2,2,2,4,3,2,1,1,3,3,2,4,2,0,1,2,4,4,2,3,3,0,4,4,1,1,4,1,4,4,3,3,3,4,2,3,1,2,1,3,4,3,3,1,3,2,2,0,2,2,4,2,0,3,1,0
60578:3,0,2,0,1,3,3,0,3,4,2,2,2,4,3,2,1,1,3,3,2,4,2,0,1,2,4,4,2,3,3,0,4,4,4,0,2,2,0,1,4,0,2,1,2,3,3,3,4,0,2,4,4,2,0,2,1,0,4,1,1,0,2,3,1,0
60599:3,0,2,0,1,3,3,0,3,4,2,2,2,4,3,2,1,1,3,3,2,4,2,0,1,2,4,4,2,3,3,0,4,4,4,0,2,2,0,1,4,0,2,1,2,3,1,3,2,0,1,0,3,3,3,0,4,0,3,2,0,0,4,2,3,3
60738:3,0,2,0,1,3,3,0,3,4,2,2,2,4,3,2,1,1,3,3,2,4,2,0,1,2,4,4,2,3,3,0,4,4,2,0,2,2,0,1,4,0,2,1,2,3,3,3,2,0,1,0,3,4,3,2,4,0,3,2,0,0,4,2,0,3
61287:3,0,2,0,1,3,3,0,3,4,2,2,2,4,3,2,1,1,3,3,2,4,2,0,1,2,4,4,2,3,3,0,4,4,2,0,2,2,0,1,4,0,2,1,2,3,3,3,2,0,1,0,3,4,3,2,4,0,0,3,2,0,0,2,3,3
62652:3,0,2,0,1,3,3,0,3,4,2,2,2,1,3,2,1,1,3,3,2,4,2,0,1,2,4,4,2,3,3,0,2,4,4,0,2,2,0,1,4,0,1,1,2,3,1,3,2,0,1,0,3,3,3,1,4,1,3,2,0,0,4,2,3,3
62813:3,0,2,0,1,3,3,0,3,4,2,2,2,1,3,2,1,1,3,3,2,4,2,0,1,2,4,4,2,3,3,0,2,4,4,0,2,2,0,1,4,0,2,1,2,3,3,3,2,0,1,0,3,4,3,2,4,0,3,2,0,0,4,2,0,3
75554:3,0,2,0,1,3,3,0,3,4,2,2,2,1,3,2,1,1,3,3,2,4,2,0,1,2,4,4,2,3,3,0,2,4,4,0,2,2,0,1,4,0,1,1,2,3,1,3,2,0,1,0,3,3,3,1,2,4,2,4,4,4,3,2,0,0
8266:0,1,0,2,2,0,4,3,3,2,0,0,4,0,2,1,4,1,4,4,2,1,3,0,4,2,4,1,0,1,2,0,3,2,2,0,3,2,3,2,0,4,2,4,4,0,0,4,1,0,4,4,1,2,0,0,4,4,1,0,1,3,1,0,1,3,1,0,1,0,2,1,4,4,0,4,0,1,3,2,1,2,1,3,0,1,4,0,1,0,0,3,4,1,4,1,0,0,1,2,0,3,4,0,3,0,4,4,2,3,1,3,1,3,2,1,4,1,1,1,2,2,0,1,4,4,3,0,4,4,2,0
18771:0,1,0,2,2,0,4,3,3,2,0,0,4,0,2,1,4,1,4,4,2,1,3,0,4,2,4,1,0,1,2,0,3,2,2,0,3,2,3,2,0,4,2,4,4,0,0,4,1,0,4,4,1,2,0,0,4,4,1,0,1,3,1,0,1,3,1,0,1,0,2,4,3,3,2,2,1,3,4,3,0,0,0,3,0,3,3,2,0,0,1,1,3,4,0,1,3,4,3,1,4,0,0,2,4,3,4,0,1,0,1,3,1,0,1,2,3,3,0,0,4,1,1,3,0,0,1,0,4,2,0,3
22124:0,1,0,2,2,0,4,3,3,2,0,0,4,0,2,1,4,1,4,4,2,1,3,0,4,2,4,1,0,1,2,0,3,2,2,0,3,2,3,2,0,4,2,4,4,0,0,4,1,0,4,4,1,2,0,0,4,4,1,0,1,3,4,1,2,0,4,4,0,4,0,2,2,2,3,3,0,2,3,2,1,0,4,2,2,0,0,2,2,4,4,0,3,4,1,0,4,1,4,0,0,4,3,2,1,2,1,2,4,4,4,1,0,4,4,2,0,4,0,2,4,4,2,2,3,4,2,3,0,2,3,0
26802:4,2,0,1,0,0,3,1,2,0,1,0,2,2,1,3,0,3,3,3,3,4,4,1,0,2,3,2,0,2,2,0,0,2,1,1,3,0,2,0,1,3,1,3,1,2,2,2,1,1,0,4,0,4,0,1,2,4,4,2,1,1,3,1,4,0,2,3,0,0,4,1,3,0,0,0,2,3,2,3,4,2,3,0,2,3,1,4,2,0,2,4,2,0,0,1,1,3,0,1,4,4,3,2,4,3,2,2,1,0,1,1,2,4,1,4,2,3,0,2,4,4,2,2,3,4,2,3,0,2,3,0
29465:0,1,2,2,2,0,4,3,3,2,0,0,4,0,2,1,4,1,4,4,2,1,4,0,3,1,4,1,2,2,1,0,3,4,3,3,4,4,2,1,0,2,4,4,3,2,4,1,3,4,1,2,4,1,3,2,3,2,4,0,0,0,1,4,0,4,3,4,3,0,1,3,2,0,2,1,3,2,2,2,2,4,4,1,0,2,4,4,4,3,4,0,3,4,1,3,4,1,4,0,0,4,3,2,1,2,1,2,3,4,4,1,0,4,4,2,4,0,1,2,0,4,1,0,1,4,2,1,3,4,4,4
30601:4,2,0,1,0,0,3,1,2,0,1,0,2,2,1,3,0,3,3,3,3,4,4,1,0,2,3,2,0,2,2,0,0,2,1,1,3,0,2,0,1,3,1,3,1,2,2,2,1,1,0,4,0,4,0,1,2,4,3,0,3,4,4,4,0,1,1,1,4,3,1,2,3,4,3,4,0,1,2,2,1,1,2,2,4,0,0,0,0,3,0,3,2,4,3,2,1,4,4,0,3,1,3,1,0,1,1,1,3,3,3,0,0,0,3,4,1,3,4,2,1,0,1,4,0,4,1,1,4,1,2,2
71267:0,1,2,2,2,0,4,3,3,2,0,0,4,0,2,1,4,1,4,4,2,1,4,0,3,1,4,1,2,2,1,0,3,4,3,3,4,4,2,1,0,2,4,4,4,2,4,1,3,4,1,2,4,1,3,2,3,2,4,0,0,2,1,4,0,4,3,4,1,0,1,3,2,0,2,1,3,2,2,2,2,4,4,1,0,2,4,4,4,3,4,0,3,4,1,3,4,1,4,0,0,3,3,2,1,2,1,2,3,4,4,1,0,4,4,2,4,0,1,2,0,4,1,0,1,4,2,1,3,4,4,4
81204:0,1,2,2,2,0,4,3,3,2,0,0,4,0,2,1,4,1,4,4,2,1,4,0,3,1,4,1,2,2,1,0,3,4,3,3,4,4,2,1,0,2,4,4,4,2,4,1,3,4,1,2,4,1,3,2,3,2,4,0,0,2,1,4,0,4,3,4,1,0,1,3,2,0,2,1,3,2,2,2,2,4,4,1,0,2,4,4,4,3,4,0,3,4,1,3,4,1,4,0,0,2,3,2,1,2,1,2,3,4,3,1,2,4,4,2,4,0,1,1,0,2,0,3,0,4,4,4,3,0,3,4
85895:0,1,2,2,2,0,4,3,3,2,0,0,4,0,2,1,4,1,4,4,2,1,4,0,3,1,4,1,2,2,1,0,3,4,3,3,4,4,2,1,0,2,4,4,4,2,4,1,3,4,1,2,4,1,3,2,3,2,4,0,0,2,1,4,0,4,3,4,1,0,1,3,2,0,2,1,3,2,2,2,2,4,4,1,0,2,2,1,1,3,2,0,1,2,0,1,2,0,4,3,3,3,0,3,4,2,0,1,1,4,1,3,0,4,3,1,2,1,2,3,0,4,4,1,2,4,3,4,0,2,3,3
88119:0,1,2,2,2,0,4,3,3,2,0,0,4,0,2,1,4,1,4,4,2,1,4,0,3,1,4,1,2,2,1,0,3,4,3,3,4,4,2,1,0,2,4,4,4,2,4,1,3,4,1,2,4,1,3,2,3,2,4,0,0,2,1,4,0,4,3,4,1,0,1,3,2,0,2,1,3,2,2,2,2,4,4,1,0,2,2,1,1,3,2,0,1,2,0,1,2,0,4,3,3,3,0,3,4,2,0,1,1,4,1,3,0,4,3,1,2,1,2,3,0,4,4,1,2,1,1,3,0,2,2,1
394183:0,1,2,2,2,0,4,3,3,2,0,0,4,0,2,1,4,1,4,4,2,1,4,0,3,1,4,1,2,2,1,0,3,4,3,3,4,4,2,1,0,2,4,4,4,2,4,1,3,4,1,2,4,1,3,2,3,2,4,0,0,2,1,4,0,4,3,4,1,0,1,3,2,0,2,1,3,2,2,2,2,4,4,1,0,2,2,1,1,3,2,0,1,2,0,1,2,0,4,3,3,3,0,3,4,2,0,1,1,4,1,2,2,1,1,1,4,2,0,2,3,1,1,4,2,2,0,1,1,1,0,2
17558:1,0,1,2,1,2,4,0,1,2,2,0,1,2,1,1,1,4,4,4,2,4
32838:4,3,2,4,0,1,3,1,1,1,2,2,2,0,4,4,0,0,0,3,4,2
16389:3,2,3,4,1,4,0,0,2,4,2,4,2,4,3,2,1,0,0,4,1,4
16718:3,2,3,4,1,4,0,0,2,4,2,4,2,4,3,2,1,0,3,4,1,4
17023:4,2,3,4,1,4,0,0,2,4,2,4,2,4,3,2,1,3,0,4,1,4
72759:2,0,1,3,0,0,3,0,2,4,2,4,2,4,4,2,1,0,3,4,1,2
72759:2,0,1,3,0,0,3,0,2,4,2,4,2,4,4,2,1,0,3,4,1,2
72759:2,0,1,3,0,0,3,0,2,4,2,4,2,4,4,2,1,0,3,4,1,2
78298:2,3,0,2,1,4,0,0,3,4,2,4,2,4,3,3,1,0,3,4,1,4
21150:3,2,0,4,1,4,0,1,4,1,0,3,1,0,3,4,0,4,0,3,0,4,3,4,1,2,0,4,1,0,2,4,2,2,4,4,1,4,0,0,1,1,4,3,1,3,2,1,2,3,0,3,3,3,2,4,1,3,3,2,3,0,1,1,3,0,1,0,0,2,1,1,3,0,0,0,3,2,2,1,1,2,4,4,1,2,3,2,0,2,4,4,3,1,1,1,2,2,1,2,4,2,4,3,3,4,3,1,2,1,3,3,4,2,2,0,4,1,2,0,3,2,4,2,3,0,3,1,2,0,4,2,2,3,0,0,3,4,2,1,1,0,0,0,3,3,1,3,4,3,3,3,1,3,0,0,3,4,1,1,4,0,4,1,4,4,2,3,4,0,0,0,1,0,1,0,3,2,3,2,1,2,1,2,0,2,3,4,1,4,1,0,0,0,2,0,0,0,3,4,1,3,0,2,4,2,2,2,4,1,0,0,3,1,3,4,4,1,3,0
24350:3,0,4,1,3,3,2,4,4,1,2,3,3,1,3,0,1,0,2,0,0,3,3,4,2,4,1,1,0,3,2,1,1,2,2,3,0,1,0,0,1,2,3,4,1,1,3,2,2,1,3,0,0,1,4,3,1,1,4,2,2,2,3,4,4,3,0,0,1,0,0,2,3,4,1,3,1,1,1,3,1,4,3,0,1,3,0,3,4,0,4,2,1,4,2,2,0,2,2,1,2,3,3,0,2,2,0,4,0,2,2,2,2,1,0,3,0,1,0,0,1,2,4,3,2,0,1,1,2,0,3,0,2,1,1,0,2,4,0,3,3,2,3,0,3,3,4,1,0,3,3,2,3,1,1,0,1,3,2,4,2,0,4,4,2,1,0,4,2,0,2,1,2,3,2,0,4,1,4,1,2,3,4,1,4,1,2,1,4,4,1,3,4,0,1,3,0,2,1,4,1,1,0,0,2,3,3,3,0,4,0,2,2,4,4,0,1,4,3,3
47505:4,0,1,0,1,1,2,3,0,2,4,4,3,4,4,4,0,0,0,0,2,3,0,1,0,2,0,1,0,1,0,2,3,2,4,3,3,4,1,2,0,3,4,0,4,3,2,1,2,2,4,0,1,0,1,4,3,3,4,1,4,1,4,3,2,1,4,1,0,1,4,0,3,3,0,3,4,3,4,2,1,4,3,1,0,0,1,3,3,0,2,2,4,2,1,2,0,4,3,1,1,1,2,0,1,0,3,0,1,4,3,4,4,0,1,3,2,3,1,2,0,3,2,0,4,3,2,2,3,0,1,0,3,1,1,4,0,4,0,0,3,4,4,1,4,0,4,2,1,1,2,3,4,0,4,3,2,1,1,3,1,0,3,1,1,4,4,0,4,4,1,3,4,3,0,4,0,1,2,4,1,0,3,2,0,3,0,4,3,1,2,0,1,1,1,3,0,2,1,4,1,1,0,0,2,3,3,3,0,4,0,2,2,4,4,0,1,4,3,3
48725:4,3,1,0,1,1,2,3,2,2,4,4,3,0,4,4,0,0,0,0,2,3,0,1,0,2,0,3,0,1,1,2,3,2,4,1,3,4,2,2,0,3,4,1,4,0,2,1,2,2,4,2,3,0,2,3,3,2,4,3,4,1,3,4,2,1,4,0,0,1,4,0,3,3,3,3,4,4,4,2,1,4,3,1,0,0,1,3,3,0,2,2,4,3,4,2,0,0,3,1,1,2,2,0,1,0,3,0,1,4,3,4,2,4,1,3,2,2,1,0,3,3,2,0,4,3,0,1,2,0,4,2,2,3,4,0,0,3,2,1,1,0,0,1,3,3,1,3,1,0,4,3,1,3,0,0,3,4,1,1,4,0,4,1,4,4,2,3,4,0,0,0,1,0,1,0,3,2,3,2,1,2,1,1,3,2,3,4,1,4,0,1,0,0,2,2,0,0,2,4,1,3,0,2,4,2,2,2,4,1,0,0,3,4,3,4,4,1,4,0
7145:0,4,4,2,4,3,1,1,0,3,0,3,3,0,3,4,3,1,2,3,1,1,4,0,1,3,4,1,3,1,3,4,0,3,1,0,1,3,1,2,1,2,1,4,3,4,4,1,1,1,0,3,3,0,3,4,3,2,0,2,4,4,2,0,2,3,0,4,2,1,1,3,4,2,3,2,2,3,4,4,4,0,2,2,0,1,2,4,4,2,2,4,2,4,4,4,3,4,3,0,1,0,4,0,3,2,2,0,0,2,0,0,2,3,3,2,4,0,2,4,3,0,3,0,0,2,0,3,2,4,4,3,4,3,3,3,1,1,4,2,3,4,2,0,2,1,3,2,2,1,1,0,1,0,1,1,2,2,0,0,1,4,3,1,3,2,4,0,4,3,2,2,3,0,3,0,1,2,2,3,3,4,4,4,4,1,0,2,3,0,2,0,0,1,2,4,3,1,4,2,0,1,0,3,1,4,3,3,1,1,2,4,1,1,3,0,2,4,2,1,0,0,2,1,1,4,0,0,1,0,3,1,1,4,4,3,3,3,1,4,0,3,3,1,0,2,2,3,2,0,0,3,0,2,4,2,2,0,2,3,0,1,4,2,0,4,0,3,3,2,3,3,1,1,0,2,4,2,0,1,2,0,4,2,3,4,0,0,4,3,3,4,4,3,1,0,2,2,3,0,0,2,4,1,3,4,3,3,1,4,0,4,0,0,1,3,4,2,4,4,0,3,4,0,1,1,0,3,4,4,4,4,1,4,0,0,3,4,3,0,4,4,4,4,4,1,3,4,3,2,3,4,1,3,4,2,4,4,1,3,4,0,2,0,4,3,0,3,3,4,4,2,3,3,2,2,0,0,1,4,3,0,3,4,3,3,2,3,3,3,2,2,3,4,2,3,3,3,2,2,2,1,0,1,0,2,3,0,3,0,0,2,1,3,2,4,2,4,3,0,2,0,2,1,0,0,0,3,4,3,1,2,4,2,3,0,4,2,0,3,2,0,1,3,4,4,3,1,3,1,2,1,1,0,3,1,0,4,0,4,2,2,2,2,4,0,2,4,2,3,3,0,4,4,4,4,4,2,1,3,4,3,0,1,3,3,3,4,3,3,4,1,1,1,4,0,1,2,4,3,0,2,4,0,2,3,4,1,1,1,4,0,4,4,1,2,3,4,2,2,3,1,3,4,2,3,0,3,0,4,2,1,2,1,1,0,0,1,2,1,2,1,2,2,1,4,4,0,4,1,2,2,3,1,2,0,4,2,4,0,2,1,1,0,3,3,0,4,0,2,0,2,4,2,4,1,1,4,1,0,1,3,3,4,0,1,4,0,4,3,0,1,0,2,2,4,0,2,3,0,0,4,3,4,1,3,0,3,2,2,4,4,1,2,3,1,4,3,2,3,2,2,0,2,0,2,2,0,0,0,1,0,4,0,0,1,3,1,0,0,3,4,4,4,2,3,1,1,1,3,4,3,1,0,1,1,2,3,2,2,4,4,3,4,4,4,0,2,0,0,3,4,4,3,4,2,1,1,3,3,4,3,2,1,3,4,2,1,2,0,4,2,4,2,1,3,2,1,0,2,2,3,2,2,1,1,4,3,2,3,2,2,1,4,3,0,3,0,2,1,0,1,3,4,4,4,3,1,1,3,4,3,2,1,0,4,2,0,3,0,3,0,2,0,4,0,1,3,1,3,4,2,0,3,2,0,2,0,1,4,4,1,2,1,2,3,1,0,4,4,1,2,4,3,2,4,4,4,3,1,2,3,3,3,1,1,3,4,1,4,3,1,1,1,3,4,4,4,4,3,3,1,1,3,4,4,3,4,3,1,0,1,4,3,4,1,4,2,0,1,2,3,3,3,4,1,2,4,1,2,3,0,3,0,3,3,4,2,2,3,3,2,4,3,0,4,4,0,1,4,2,3,3,1,2,3,2,4,3,3,2,2,3,0,2,2,4,2,4,1,0,3,3,0,1,4,4,1,0,1,1,2,0,4,4,2,3,1,2,1,0,0,3,3,1,1,1,0,4,0,1,0,4,4,0,0,4,0,1,4,2,2,2,2,2,1,4,0,3,2,2,3,2,1,2,3,2,3,3,1,4,0,1,3,0,2,4,4,3,1,3,0,4,1,2,1,2,2,2,0,0,4,4,3,0,1,1,3,0,0,0,4,0,2,3,1,0,2,0,3,3,4,4,2,0,1,4,3,4,1,4,0,1,3,3,1,4,0,0,4,0,0,4,1,3,2,2,3,0,2,1,3,2,0,0,2,2,4,0,2,1,4,2,2,3,0,4,2,0,4,2,1,0,2,3,3,0,0,1,0,3,2,3,1,3,4,3,0,4,4,3,0,4,0,3,2,1,2,0,2,1,3,3,2,1,2,0,1,2,1,1,1,4,0,2,2,4,1,3,4,1,1,0,0,2,3,3,3,0,4,0,2,2,4,4,4,1,4,0,4,1,2,1,1,2,4,3,2,0,2
49326:2,0,1,0,4,1,0,0,0,2,4,2,3,4,4,4,2,0,0,1,2,0,0,1,2,2,3,1,0,0,0,2,3,2,4,3,3,4,3,4,0,3,4,0,3,0,2,1,0,2,4,0,3,0,1,1,3,1,1,0,4,1,4,4,2,1,0,1,0,1,3,4,3,3,0,3,1,3,4,3,1,4,1,1,0,0,1,3,1,0,1,2,2,3,1,3,0,0,1,3,1,2,2,4,3,0,3,4,1,4,0,2,2,2,4,0,4,4,1,0,2,4,4,2,0,3,4,0,4,0,4,1,0,0,2,1,2,0,0,4,3,1,1,1,3,1,1,3,0,2,3,3,2,3,4,2,1,3,4,0,3,2,2,4,3,2,0,0,0,4,4,4,2,1,0,1,3,2,4,3,0,3,0,2,3,4,0,2,3,0,0,2,1,0,1,3,0,2,0,0,3,0,0,2,1,1,2,4,3,2,3,4,0,4,2,2,4,2,0,2
50110:4,3,2,1,1,2,2,3,2,3,1,4,3,3,0,1,2,0,2,0,3,4,0,4,1,2,2,4,0,4,2,4,2,2,2,2,1,1,0,4,1,2,3,4,4,0,3,4,2,0,3,2,3,0,2,3,3,2,3,1,4,1,3,4,2,0,0,0,1,1,1,0,3,4,3,3,4,4,4,3,0,2,3,1,4,0,1,3,4,4,3,3,4,3,2,3,3,1,0,4,2,2,2,3,1,2,0,4,3,4,2,2,4,3,0,1,3,2,0,2,1,4,2,0,4,3,2,2,3,0,1,0,3,0,1,4,0,2,0,0,3,4,4,0,0,0,4,2,3,1,2,3,3,1,4,1,2,1,1,3,1,0,0,4,4,2,4,4,2,1,1,1,4,0,1,3,0,3,0,3,0,2,2,0,2,1,1,1,0,0,3,0,1,4,4,1,3,3,1,4,0,2,1,4,2,2,3,2,1,3,0,0,0,3,3,3,0,4,0,1
10148:0,3,1,4,2,2,0,0,4,2,3,2,3,3,0,1,2,2,2,2,4,4,0,1,3,3,1,1,4,2,4,4,1,0,3,1,3,4,4,3,2,3,0,1,2,1,2,0,2,0,4,2,4,3,3,3,2,4,0,1,2,4,0,4,0,4,3,4,4,2,2,1,3,3,3,3,4,1,3,0,1,1,4,1,4,3,0,2,3,0,3,3,0,4,4,1,4,3,0,3,1,2,0,2,0,3,1,0,4,4,2,1,1,2,3,0,1,4,3,4,0,1,0,0,4,0,1,0,1,2,4,4,4,4,2,0,3,3,1,2,2,4,4,3,1,2,4,1,2,2,2,2,4,2,2,1,2,4,2,0,1,3,0,1,1,4,2,2,0,3,3,3,3,2,2,0,0,1,3,2,4,0,4,3,2,2,0,0,1,2,0,3,4,0,0,1,2,2,1,3,0,4,1,0,1,3,3,2,0,3,0,0,1,4,4,1,1,0,0,3,4,2,1,2,3,2,4,1,0,0,4,1,0,0,1,4,4,1,4,4,0,4,0,3,3,4,4,4,0,1,2,3,3,4,1,1,1,0,2,2,1,1,3,1,2,0,3,1,2,2,1,2,1,1,1,4,1,0,4,2,2,2,0,4,2,2,1,3,2,0,0,3,1,2,4,4,4,3,1,2,0,2,4,1,4,0,1,1,1,1,3,3,3,3,4,0,1,1,4,4,4,0,3,2,4,3,1,4,1,2,4,1,4,2,3,4,2,3,0,2,1,4,2,0,3,1,1,4,3,0,4,3,1,2,1,0,0,2,0,2,4,1,3,4,3,2,4,0,2,4,4,4,4,2,4,3,4,0,2,2,4,1,1,2,4,2,3,1,4,3,2,4,0,1,4,4,4,3,4,2,1,4,1,2,2,1,4,1,2,2,4,3,4,0,3,3,3,0,3,3,1,1,2,3,3,2,0,1,0,3,4,4,2,2,1,0,3,1,1,4,4,0,3,3,2,2,1,4,0,0,3,4,1,2,3,4,3,1,1,4,0,0,3,2,0,0,3,3,1,2,2,1,0,1,4,2,2,0,1,2,0,4,1,2,1,0,1,4,1,2,3,1,2,2,4,3,2,2,1,4,2,0,0,3,1,4,0,0,0,2,1,1,2,2,3,3,2,0,2,4,2,1,1,0,3,0,3,0,3,0,4,0,0,0,3,1,4,4,0,0,1,1,4,3,4,0,0,1,0,3,1,2,0,2,3,3,2,2,4,1,2,4,2,3,4,1,0,4,3,0,2,1,2,1,0,1,1,0,3,1,0,4,4,0,1,2,3,4,4,3,1,2,2,3,0,1,4,1,0,0,1,0,1,4,1,2,0,2,3,4,3,2,3,2,4,0,4,3,0,0,1,1,2,3,4,2,0,4,4,0,0,1,1,1,0,2,2,2,0,2,0,3,0,4,1,1,4,1,4,0,0,1,1,2,2,1,0,0,1,4,0,1,1,2,0,1,4,2,2,4,0,3,3,1,2,4,2,2,1,2,2,2,3,3,4,4,0,0,4,2,0,0,3,1,2,1,3,2,4,1,1,4,4,2,1,1,0,3,3,1,4,0,3,0,4,3,4,0,3,3,2,4,0,0,3,1,2,4,3,1,2,4,1,4,0,4,1,0,1,1,1,2,0,4,3,0,2,2,4,1,1,3,1,0,2,2,1,0,2,4,2,3,3,3,2,3,1,4,4,2,3,0,0,1,0,3,3,2,1,3,4,3,0,0,3,2,3,1,3,0,1,0,0,3,3,1,2,4,0,1,2,4,2,2,3,2,1,1,0,3,4,0,1,0,1,2,2,4,4,0,4,3,1,3,1,4,0,3,4,0,0,2,4,2,0,2,0,1,4,1,0,4,1,1,4,2,0,2,1,4,3,1,3,3,0,4,1,0,3,4,0,2,1,0,1,1,0,2,3,2,3,3,1,0,0,1,2,0,3,4,0,1,4,4,0,1,3,4,1,1,3,2,0,4,3,2,1,1,0,0,4,3,4,1,3,4,2,1,0,0,1,1,1,2,0,2,3,3,1,0,0,4,3,1,4,1,3,1,3,3,1,4,2,1,4,1,0,2,3,1,3,4,2,4,1,3,2,0,1,3,1,2,4,0,4,3,2,3,4,0,2,4,4,4,3,4,1,3,1,4,4,4,4,2,1,1,0,3,2,3,0,3,4,3,3,2,2,0,2,1,2,4,3,3,4,1,3,0,4,1,0,4,1,4,1,1,0,2,3,2,4,3,1,4,2,0,3,4,4,0,1,3,0,0,4,4,1,4,4,1,2,4,1,2,4,2,4,0,0,2,2,4,1,4,3,3,4,2,2,0,2,4,3,3,4,2,2,1,1,1,2,3,1,3,1,1,1,0,1,1,3,4,0,4,3,4,2,2,2,0,3,0,4,1,3,4,4,0,0,1,2,2,4,4,1,0,1,2,1,2
22636:1,2,2,1,1,1,2,1,1,3,1,3,4,2,3,4,3,3,4,2,3,4,4,4,2,2,2,4,0,2,2,1,0,1,2,4,2,0,4,4,1,2,0,3,0,4,2,3,1,0,0,1,1,4,2,3,2,2,3,2,1,0,4,3,1,2,0,2,2,2,4,4,4,3,2,0,0,4,3,1,1,4,1,3,4,1,0,0,3,4,4,3,0,3,3,1,1,4,0,3,0,4,4,1,1,0,1,3,4,3,4,1,2,0,4,4,2,1,0,0,1,4,2,1,3,1,3,4,0,3,3,2,3,0,4,4,1,2,2,1,1,1,2,1,2,2,0,3,4,1,0,1,4,0,2,4,4,0,4,0,4,1,2,3,3,2,3,4,2,2,0,0,0,3,1,3,1,0,2,1,4,2,2,0,0,4,0,0,0,4,1,0,2,4,3,1,3,1,1,3,0,1,1,0,3,3,1,2,3,1,3,1,1,1,4,0,4,1,4,3,3,1,2,4,4,2,0,0,2,1,0,3,0,0,3,2,3,0,0,2,1,3,3,3,4,3,2,4,4,3,3,3,0,0,1,1,3,4,2,1,0,1,4,3,0,3,1,1,3,1,3,1,4,1,2,4,0,1,4,0,4,2,3,0,4,2,2,3,1,4,4,2,1,4,0,4,2,1,0,0,2,4,0,2,1,3,2,0,0,1,1,4,4,0,0,3,0,2,2,4,2,1,2,3,0,3,2,3,0,3,4,3,2,1,1,4,3,3,4,4,4,2,4,4,0,3,2,0,2,4,0,4,0,2,0,1,3,1,4,1,4,3,4,2,3,0,1,2,3,3,2,3,4,1,2,2,1,0,3,3,4,3,3,0,1,1,1,3,2,0,3,2,4,2,4,3,2,1,1,1,3,3,4,3,4,2,3,0,3,4,4,3,3,2,3,3,4,4,2,2,1,0,4,3,3,4,0,0,0,4,2,4,3,2,3,2,2,0,3,3,3,3,1,1,0,4,1,0,4,3,2,4,4,1,4,2,1,3,3,2,3,1,1,1,3,4,1,3,3,3,2,2,3,3,4,2,3,0,2,3,4,4,2,4,1,2,2,2,1,1,4,4,2,3,1,4,1,4,4,0,0,1,2,4,0,3,1,3,4,3,1,2,3,4,0,4,2,4,1,3,0,1,3,2,3,3,3,4,3,2,4,1,4,2,0,2,1,0,3,2,0,0,4,3,0,1,2,0,0,4,1,0,1,0,2,4,3,1,0,1,3,4,3,2,2,3,2,1,0,0,3,1,0,3,4,1,4,2,4,4,2,1,0,0,1,3,3,4,0,3,1,1,2,0,0,0,4,2,1,4,0,0,0,4,3,0,0,3,3,4,2,4,0,3,3,1,1,1,1,3,3,3,4,4,3,3,2,2,4,4,3,4,4,3,4,3,3,4,1,1,3,4,0,4,2,3,1,4,0,2,4,4,1,2,3,0,1,0,3,3,1,0,3,4,4,2,3,0,1,2,3,0,4,0,0,2,3,2,1,4,0,1,4,2,2,3,4,3,3,1,4,3,2,2,3,1,4,2,4,1,2,2,2,2,2,2,4,4,4,1,0,0,3,0,4,2,3,0,3,2,2,1,3,4,0,0,0,4,2,4,1,4,2,3,1,0,1,1,1,1,3,2,1,1,3,4,3,2,4,2,4,2,4,1,1,4,2,2,4,4,1,0,4,4,4,1,4,0,2,1,1,3,4,2,1,3,1,0,0,1,2,1,3,2,3,0,2,0,2,2,3,3,3,4,3,2,0,2,2,3,2,3,3,4,1,0,2,1,1,3,4,1,4,3,2,4,3,4,4,0,2,0,3,0,0,3,2,0,0,1,4,0,4,3,4,0,3,2,3,0,1,3,4,1,1,1,0,0,1,0,1,3,1,0,4,1,3,4,4,4,2,1,4,1,4,2,2,3,1,0,3,2,4,3,4,1,4,0,1,1,3,2,0,1,3,4,3,1,1,0,1,4,2,0,1,2,0,3,1,1,4,0,1,3,3,3,4,3,3,1,4,2,3,4,2,2,4,1,1,1,2,0,4,0,0,1,3,0,4,4,4,2,4,0,0,3,2,2,1,2,0,1,2,2,3,4,2,4,0,3,2,2,3,1,2,3,2,1,4,0,0,1,1,0,2,4,4,0,1,0,2,4,1,4,1,2,4,3,2,4,4,3,0,4,0,0,2,1,2,2,0,3,3,1,4,0,3,1,0,4,2,4,2,1,2,4,2,0,0,2,3,3,2,4,4,1,2,4,4,2,2,3,3,3,3,1,3,2,3,3,1,0,1,3,2,4,3,0,0,4,3,2,2,4,3,1,4,1,1,0,4,4,4,3,2,2,4,1,4,3,4,1,4,1,4,1,1,3,2,1,2,0,0,4,4,4,1,1,1,3,2,2,2,1,3,0,0,3,1,0,1,1,4,0,2,4,2,4,2,4
61916:4,3,2,0,2,1,2,3,2,0,1,0,3,0,4,4,0,1,0,1,2,4,0,4,2,0,0,3,1,1,1,0,3,2,4,1,1,4,2,2,3,1,3,2,0,0,1,1,2,2,4,2,3,0,2,0,3,2,4,3,4,1,3,4,2,1,4,0,2,2,4,0,3,3,0,3,4,1,4,0,1,4,3,0,0,0,1,3,0,0,2,0,4,3,4,3,0,0,3,1,3,2,0,2,1,1,0,3,1,4,2,4,4,3,1,2,4,3,3,0,0,3,2,0,4,3,1,2,4,0,0,0,3,1,4,4,0,3,0,0,3,4,3,4,0,0,4,1,0,0,1,0,4,1,0,4,4,4,4,3,1,0,3,0,0,0,1,1,4,1,2,2,0,3,3,4,2,0,2,4,4,0,1,3,4,1,0,4,1,1,2,0,3,1,4,0,3,0,3,4,3,4,3,4,0,0,4,3,4,4,1,4,2,4,1,0,3,1,2,3
51634:1,2,2,1,1,1,2,1,4,4,2,3,4,0,4,0,3,3,4,2,3,4,4,4,3,4,0,4,0,1,2,1,0,1,2,2,2,3,4,4,4,2,0,4,0,1,2,3,1,0,0,4,1,4,2,3,1,2,1,3,1,4,2,0,0,1,0,4,2,1,1,3,4,2,3,1,2,3,4,4,4,0,4,2,0,1,2,4,3,2,3,4,2,4,4,4,1,4,3,4,0,0,4,0,3,2,2,0,0,0,0,1,2,3,3,2,4,0,2,4,2,0,0,2,0,2,2,3,3,4,4,0,3,3,3,0,0,1,4,2,3,4,2,0,2,1,3,2,2,1,1,0,1,0,0,1,2,1,0,0,3,4,3,1,3,0,3,0,4,3,2,3,3,0,3,0,1,2,1,3,3,4,0,2,4,2,0,2,4,0,0,0,0,1,2,1,3,1,4,2,0,1,0,0,1,1,4,3,3,1,2,4,1,1,3,3,2,4,1,1,0,0,2,1,1,4,0,0,1,0,3,1,1,2,4,3,0,3,2,3,0,4,3,1,0,2,3,4,2,0,0,0,0,2,0,2,3,4,2,0,0,1,4,2,0,0,4,2,1,1,3,4,1,1,3,0,4,2,2,1,2,3,1,2,3,4,0,0,2,3,3,4,4,3,1,0,2,3,3,0,0,2,4,1,3,4,3,3,1,4,0,4,1,0,1,3,4,2,4,4,0,0,4,0,1,3,4,3,4,2,4,4,1,3,4,0,3,4,4,4,3,4,4,0,4,0,3,4,1,4,3,3,1,3,0,1,4,4,1,3,4,0,2,1,4,1,0,3,3,4,4,2,0,3,3,2,0,0,2,4,3,1,3,4,3,3,2,1,2,1,2,2,3,4,2,4,4,3,2,4,2,4,0,0,0,3,2,0,3,2,0,2,1,0,4,4,1,4,3,0,3,0,1,0,0,0,0,3,4,3,0,2,4,2,1,0,4,2,3,2,2,0,1,3,4,3,3,1,3,1,2,1,0,0,4,0,4,4,0,2,1,1,2,2,3,4,2,4,2,3,3,2,4,4,4,1,4,2,1,3,4,3,2,1,3,3,0,4,1,3,0,4,4,1,4,0,1,2,4,3,0,2,4,0,2,3,4,4,1,1,2,0,4,4,1,2,3,4,2,2,3,1,3,4,1,3,0,1,0,4,1,4,2,1,1,0,2,4,2,1,2,0,2,2,1,4,4,0,4,1,1,2,3,2,2,0,4,1,3,0,4,0,1,0,3,3,2,4,0,4,0,2,4,2,1,3,2,4,0,0,2,4,3,4,0,1,4,0,3,3,4,1,0,2,0,4,0,1,1,0,0,1,3,4,1,3,0,4,2,4,4,4,1,2,3,1,4,2,1,3,1,2,0,2,0,2,2,2,1,4,1,0,4,0,1,1,1,1,3,0,3,4,4,4,3,3,1,1,0,3,4,3,1,0,0,1,1,3,2,2,4,4,0,4,0,4,0,3,2,0,3,4,2,2,2,2,1,2,3,3,2,0,2,1,3,4,2,1,2,0,2,2,1,0,1,3,2,1,0,2,2,3,2,2,1,1,4,3,2,3,2,2,1,4,3,0,3,0,2,1,0,1,3,0,1,4,3,1,0,3,4,3,2,1,0,4,2,0,3,4,3,0,2,0,4,2,1,3,1,3,1,0,0,3,3,0,2,0,1,2,2,1,1,2,2,3,1,0,4,0,1,2,2,3,2,4,4,4,4,1,1,4,3,4,1,2,2,4,1,4,3,1,1,1,4,1,4,4,1,3,2,0,1,3,4,4,3,4,2,1,0,1,1,2,4,1,3,1,0,1,2,3,3,0,4,1,0,1,3,2,3,0,4,0,1,4,4,1,2,3,3,2,4,3,0,4,4,0,2,4,4,3,3,1,4,3,2,4,3,3,2,2,3,0,2,2,4,2,4,1,0,3,3,0,1,4,4,1,1,4,0,2,0,4,4,2,0,1,3,0,3,3,3,3,1,1,1,0,4,1,1,3,1,4,0,0,4,0,1,4,2,2,2,3,2,1,4,0,3,1,1,0,2,1,1,3,4,3,3,1,4,2,1,3,0,2,4,4,4,3,1,4,1,3,1,3,4,1,2,3,0,0,4,4,3,2,3,1,0,1,1,2,2,3,0,0,2,3,2,4,2,2,4,3,2,2,1,1,4,4,0,0,0,4,4,4,1,3,0,2,0,3,4,2,3,0,3,4,3,0,3,0,3,2,4,0,0,1,2,0,0,2,0,1,1,0,0,3,4,0,0,4,4,0,2,1,0,0,0,4,1,4,4,4,2,4,0,3,0,2,4,1,0,3,0,1,3,3,4,2,3,0,1,3,0,3,4,0,4,4,4,0,4,4,0,1,3,1,3,4,0,1,0,4,4,2,0,1,1,0,2,0,0,2,3,1,1,2,2,0,3,1,1,1,1,1,2,2,2,1
58240:1,2,2,1,1,1,2,1,4,4,2,0,4,0,0,0,3,3,0,3,2,4,4,4,2,0,0,4,0,2,2,0,0,2,2,2,2,1,4,3,4,2,1,4,2,2,2,3,0,0,0,2,1,4,2,3,1,2,3,3,1,4,2,0,0,3,0,4,0,1,1,3,3,2,1,2,2,3,3,4,4,0,2,2,0,4,2,4,3,2,1,1,2,4,4,4,1,0,3,4,0,0,4,0,1,2,2,0,0,2,0,0,2,0,3,4,4,3,1,4,3,2,2,1,3,1,3,4,0,3,3,0,3,0,0,4,1,2,2,2,1,4,2,4,2,3,0,1,4,1,0,1,4,0,2,0,4,0,4,0,4,1,0,3,3,4,3,4,2,0,0,0,0,3,1,3,1,0,0,1,4,2,2,0,0,4,0,0,0,1,2,2,0,4,4,1,3,2,0,3,0,1,1,0,3,2,1,0,3,2,4,1,3,1,0,0,4,1,2,3,0,1,2,2,1,3,3,1,4,1,0,3,0,2,3,2,3,0,1,4,1,3,3,3,4,3,0,4,4,3,3,4,2,0,1,1,3,4,2,1,4,1,1,3,3,1,4,1,3,1,1,1,4,3,2,4,0,1,4,0,1,2,3,0,4,2,2,3,1,4,4,2,1,4,0,4,2,4,0,3,2,0,3,2,1,3,2,0,0,2,1,4,2,3,0,4,0,1,2,4,2,0,2,3,4,3,2,3,1,4,4,3,2,3,1,4,0,3,2,4,4,2,4,4,0,3,4,0,2,1,3,4,0,2,4,1,2,1,4,1,3,3,4,2,2,0,1,1,3,3,2,3,4,1,3,2,1,0,3,0,4,3,3,4,1,1,1,3,2,2,0,2,3,2,4,3,2,4,1,4,3,3,4,3,4,2,1,1,3,2,3,3,3,2,3,0,4,2,2,2,1,0,4,3,3,1,0,0,0,2,2,4,3,3,3,2,2,0,3,3,3,3,4,4,0,4,2,3,4,2,2,4,0,1,4,0,1,1,3,2,3,1,3,1,3,4,1,3,3,3,2,0,3,3,4,4,3,2,2,3,4,4,2,4,1,2,1,0,1,2,4,2,4,1,4,0,1,2,4,3,4,3,4,3,3,3,4,1,3,4,3,0,2,0,3,4,2,4,1,4,4,4,3,4,4,0,2,3,0,0,3,4,1,1,1,3,1,3,0,1,2,1,2,0,0,3,1,4,0,1,3,2,3,3,2,3,0,2,1,2,2,0,2,0,3,4,3,1,1,3,4,2,4,4,3,0,4,4,2,2,4,3,0,1,0,4,4,0,4,3,4,1,2,2,0,2,1,2,0,1,1,4,3,1,2,0,0,3,2,2,3,0,1,2,3,4,4,0,0,2,2,2,4,2,3,1,2,0,0,1,1,0,0,0,2,4,3,1,4,0,3,2,4,0,0,3,2,2,2,3,4,3,2,1,4,1,2,4,4,2,3,2,3,4,2,1,1,1,0,2,0,4,4,3,4,2,3,4,0,3,2,0,0,4,0,3,2,0,0,0,4,2,1,1,2,1,0,1,0,3,2,3,2,3,1,1,3,3,2,4,1,2,4,0,3,3,3,4,2,0,0,3,1,0,3,2,2,0,1,2,4,3,1,2,3,3,2,0,3,0,2,0,2,0,1,0,3,3,3,3,4,2,0,3,2,1,2,3,3,4,1,1,3,4,2,3,2,0,4,4,1,3,4,0,0,3,4,3,0,3,4,3,1,3,1,1,3,3,1,4,1,1,1,1,3,4,0,1,4,3,2,1,1,3,0,4,2,0,3,1,4,3,4,0,0,1,4,2,0,1,3,4,3,0,2,0,1,3,2,4,3,4,2,2,1,1,4,1,2,3,3,2,4,3,2,4,1,4,0,0,2,0,3,4,1,0,2,4,1,3,2,2,3,4,4,1,4,3,3,3,3,1,0,0,0,1,0,1,3,3,0,3,0,2,3,2,3,3,2,2,2,4,0,4,4,3,1,1,0,3,2,0,3,0,0,4,2,0,4,0,2,0,2,2,2,1,4,0,2,1,0,4,2,1,0,1,2,3,2,1,4,0,0,0,4,2,2,2,3,4,4,0,4,0,4,1,2,4,2,0,0,2,0,3,4,2,4,3,3,4,3,4,4,4,1,1,2,0,3,3,3,4,4,2,4,4,4,0,0,1,3,0,2,3,2,1,1,0,1,4,1,0,0,1,3,3,2,2,0,2,1,2,4,0,3,1,0,4,2,0,0,4,4,2,3,0,4,1,2,4,0,1,4,1,2,1,4,3,3,3,4,2,3,2,4,3,3,0,0,2,1,2,0,1,0,1,3,4,1,4,4,0,1,4,1,1,3,4,1,4,3,2,2,0,2,0,1,3,3,2,2,4,2,4,1,2,0,3,4,1,1,2,3,3,4,3,3,4,2,1,0,4,3,2,1,4,4,4,4,0
61736:1,2,2,1,1,1,2,1,4,4,2,3,4,0,4,0,3,3,4,2,3,4,4,4,2,4,0,3,0,2,2,1,0,1,2,0,3,3,4,4,1,3,0,1,2,4,2,3,1,0,0,1,2,4,2,3,1,2,3,2,3,4,2,0,0,3,0,4,1,1,1,3,0,2,3,4,1,3,4,4,2,0,4,2,0,1,2,0,3,0,0,4,2,4,3,4,2,4,3,4,0,0,4,4,3,3,3,0,0,0,0,0,2,3,3,2,3,0,2,4,3,2,3,2,3,2,2,3,3,2,4,0,4,3,3,3,1,1,4,0,3,4,2,0,2,1,3,2,4,0,1,0,1,0,0,1,0,2,0,0,3,4,2,1,3,2,4,0,1,3,2,3,3,3,3,0,1,2,1,3,3,4,4,4,4,2,0,2,3,0,2,0,0,4,2,0,3,1,4,4,0,4,0,0,1,1,4,0,3,3,3,4,1,1,1,3,2,1,1,4,0,2,2,1,1,0,0,4,1,0,0,1,2,2,4,3,0,0,2,4,0,4,3,1,0,2,3,4,1,0,2,3,1,2,0,2,3,4,2,0,4,1,4,2,0,0,2,2,3,0,1,4,1,1,3,0,1,2,2,1,3,3,4,2,3,2,1,0,4,1,4,4,4,2,1,0,3,0,3,0,0,3,4,0,2,2,3,3,3,3,3,0,1,0,1,3,4,2,4,4,0,3,0,0,3,4,3,3,4,4,4,4,1,3,3,0,3,4,2,3,1,4,4,4,4,0,4,2,1,2,3,3,1,2,0,1,3,3,1,3,4,0,2,1,4,1,0,3,1,4,4,2,0,3,3,1,0,0,0,4,3,0,3,2,0,0,2,4,2,1,2,2,3,4,2,3,4,3,2,3,2,3,0,1,0,3,2,0,3,2,0,2,2,0,1,4,1,4,2,4,3,0,4,4,0,0,0,0,1,0,4,4,3,4,4,4,2,0,3,4,2,4,1,0,2,0,4,2,3,0,3,3,4,3,0,0,4,4,3,0,4,2,0,3,2,0,2,0,0,1,4,1,0,0,4,3,4,3,1,3,4,0,3,3,4,2,4,3,2,2,0,1,0,1,4,4,1,2,3,2,4,3,4,3,2,4,2,0,3,3,3,2,3,2,1,2,0,1,1,2,4,1,3,4,3,3,3,0,0,2,2,3,0,3,2,1,3,0,1,3,4,0,4,2,0,0,0,2,2,1,0,1,3,4,1,2,3,4,2,2,4,0,1,2,1,4,3,0,0,4,4,4,4,3,1,2,4,4,0,1,4,0,4,4,4,3,0,2,3,2,2,4,3,1,1,2,0,4,4,1,4,3,0,3,2,2,0,1,4,4,3,2,1,0,1,1,4,2,3,4,4,2,4,2,1,2,4,2,3,4,4,3,1,2,1,0,2,2,4,3,3,0,0,3,0,3,2,0,0,0,3,4,0,0,2,0,4,2,3,2,1,4,0,2,3,1,0,0,3,2,3,2,2,2,4,3,2,4,3,1,0,1,4,0,2,1,1,3,2,4,4,4,2,4,3,1,0,3,1,4,0,0,1,3,0,4,1,1,4,4,4,1,1,1,4,3,1,4,0,4,0,0,3,3,3,2,3,4,1,1,4,2,1,0,0,1,4,1,3,3,4,2,2,2,1,2,0,1,2,0,0,3,0,4,2,2,1,2,4,2,3,0,4,0,1,0,3,4,3,1,1,1,2,3,3,2,2,4,4,0,0,0,3,0,4,1,0,1,3,4,4,3,2,0,2,1,3,4,0,0,4,2,2,4,2,0,4,4,0,4,0,4,4,3,1,3,3,4,4,3,1,0,0,3,2,2,4,1,2,4,1,1,2,2,3,2,1,4,3,4,2,0,0,2,4,2,0,4,4,0,2,2,4,2,1,1,1,1,3,2,4,4,4,2,3,4,3,2,2,3,2,0,4,3,2,4,0,4,4,4,3,0,0,2,3,1,4,4,4,2,1,0,2,0,4,0,4,4,1,1,3,0,1,2,3,4,0,0,1,0,1,4,1,4,1,0,4,1,4,3,2,2,2,4,0,3,0,0,2,3,2,0,3,3,3,2,2,0,3,2,1,1,2,2,3,3,2,0,4,1,4,2,2,1,2,4,0,2,0,2,1,1,4,0,0,0,2,1,2,4,0,1,0,2,3,1,1,0,2,1,2,1,3,0,2,1,4,3,4,0,1,1,4,3,0,3,4,3,1,3,2,1,0,0,4,0,4,1,1,2,2,4,3,1,4,1,2,4,0,1,4,1,2,2,0,2,1,0,2,2,0,3,4,3,2,3,3,0,0,0,2,2,0,0,3,4,2,1,3,3,2,2,3,4,4,4,2,1,0,1,3,1,1,2,3,3,2,3,4,3,4,1,2,3,2,0,1,0,4,1,0,2,4,3,2,4,0,0,1,4,3,0,1,0,3,0,3,0,3,3
88209:4,3,2,0,2,1,2,3,2,0,1,0,3,0,4,4,0,1,0,1,2,4,0,4,2,0,0,3,1,1,1,0,3,2,4,1,1,4,2,2,3,1,3,2,0,0,1,1,2,2,4,2,2,0,2,0,3,2,4,3,4,1,3,4,2,1,4,0,2,2,4,0,3,3,2,3,4,1,4,0,1,4,3,0,0,0,1,3,0,0,2,0,4,3,4,3,4,0,3,1,3,2,0,2,1,1,0,3,1,4,2,4,4,3,1,2,4,3,3,0,0,3,2,0,4,3,1,2,4,0,0,0,3,0,4,4,0,3,0,0,4,4,3,4,0,0,4,1,0,0,1,0,4,3,0,4,4,4,4,1,1,0,0,0,4,0,1,1,4,1,2,1,0,3,3,4,2,1,2,4,4,0,1,3,4,1,0,4,1,1,2,0,3,1,4,0,3,0,2,4,3,4,3,4,0,0,4,3,4,4,1,4,2,4,1,0,3,2,4,4
74690:1,2,2,1,1,1,2,1,4,4,2,0,2,0,0,0,3,3,1,3,3,4,4,4,2,0,0,4,0,2,2,0,0,2,2,2,2,1,2,3,4,4,1,4,2,2,2,3,0,0,0,3,1,4,2,3,4,2,4,3,1,4,2,0,0,3,0,4,2,1,1,3,3,2,4,2,2,3,4,4,4,0,2,2,4,4,1,4,3,2,1,2,2,4,4,2,1,0,3,4,1,0,4,0,1,1,2,0,0,2,0,4,2,0,3,4,4,3,4,4,3,2,2,0,2,1,4,4,0,3,3,1,3,3,0,4,0,2,1,2,1,4,2,4,2,3,0,1,4,1,0,1,4,0,2,1,4,0,4,0,4,1,2,3,3,0,3,4,2,0,0,0,0,3,1,3,1,0,0,2,2,4,4,1,0,4,0,0,0,1,2,2,0,4,4,1,3,2,0,3,0,1,1,0,3,2,1,0,3,2,4,1,3,1,0,0,4,1,2,1,0,1,2,2,1,0,3,1,4,1,0,3,0,2,3,2,3,0,1,4,1,3,3,3,4,3,0,4,4,3,3,4,1,0,1,1,3,4,2,1,4,1,1,3,3,1,4,0,3,1,1,1,4,3,2,4,0,4,0,3,1,2,3,0,1,0,2,3,2,4,4,4,3,4,0,4,2,4,3,3,2,0,3,2,1,3,2,1,0,2,1,4,1,3,0,4,0,1,2,4,1,0,2,3,4,4,2,3,1,2,1,3,0,3,1,4,0,3,1,0,3,0,3,3,2,2,0,2,4,1,3,4,2,2,1,0,0,0,3,0,4,4,3,0,2,0,1,1,3,3,2,3,4,1,3,2,1,0,3,0,4,3,3,2,1,1,1,3,2,2,0,2,3,2,4,3,2,4,3,4,3,3,4,3,4,3,1,1,3,1,3,3,3,2,3,0,4,2,2,2,1,0,4,3,3,1,2,0,0,2,2,4,3,3,3,2,2,0,3,3,4,3,4,4,0,4,2,1,4,2,2,2,0,1,4,0,1,1,1,2,3,1,3,1,3,1,1,3,3,3,2,1,3,3,4,4,3,2,1,0,3,4,4,4,1,2,1,0,1,0,4,2,4,1,4,3,1,1,4,3,4,3,4,3,3,3,4,1,3,4,3,1,2,0,3,1,2,1,1,4,4,4,3,4,4,0,1,3,0,0,3,4,1,1,1,0,1,3,0,1,2,1,2,0,0,3,1,4,0,1,3,2,3,3,2,3,0,2,1,2,2,1,2,0,3,4,3,1,1,3,1,3,3,4,3,0,4,4,2,2,4,3,0,1,0,4,4,0,4,3,4,1,2,2,0,3,1,2,0,1,1,3,3,1,2,0,0,3,2,2,3,0,2,2,3,4,4,0,0,2,2,2,4,2,3,1,2,0,0,1,1,0,0,0,2,4,3,1,4,0,2,2,4,0,0,3,2,2,2,3,4,3,2,1,4,1,2,4,2,2,3,2,3,4,2,1,1,1,2,2,0,4,4,3,4,2,3,4,0,3,2,0,0,4,0,3,2,0,0,0,4,2,1,1,2,1,0,1,0,3,2,3,4,3,1,1,3,3,2,4,1,2,4,0,3,3,3,4,2,0,0,3,1,0,3,2,2,4,1,2,4,3,1,2,3,1,2,0,3,0,2,0,2,0,1,0,3,3,3,3,4,2,0,3,2,1,3,3,3,4,1,1,3,4,2,3,2,0,4,1,1,3,4,0,0,3,4,3,0,3,4,3,1,3,1,1,3,3,1,4,1,1,3,2,3,4,0,1,4,2,2,1,1,3,0,4,2,0,3,1,4,3,4,0,0,1,4,2,0,1,2,4,3,0,2,0,1,3,2,4,3,4,1,2,1,1,4,1,2,3,3,2,4,1,2,4,3,4,0,1,2,0,3,4,1,0,4,4,1,3,2,2,3,1,4,1,4,3,3,3,3,1,0,0,0,1,0,1,3,3,0,3,0,2,3,2,3,3,2,2,2,4,0,4,4,3,1,1,0,3,2,0,3,0,0,4,2,0,4,0,3,0,2,2,2,1,4,0,2,1,0,4,2,1,0,1,2,3,2,1,4,0,0,0,4,2,2,2,3,4,4,0,4,0,4,1,2,4,2,0,0,2,0,3,4,2,0,3,3,4,3,4,4,4,3,1,2,0,3,3,3,4,4,2,4,4,4,0,0,1,3,0,2,3,2,1,1,0,1,4,1,0,0,1,3,3,2,2,0,2,1,2,4,0,3,1,0,4,2,0,1,2,4,4,3,0,4,1,0,4,1,1,4,1,2,1,4,3,3,3,4,2,3,2,4,3,3,3,0,2,1,2,0,0,0,1,3,4,1,4,4,0,3,4,1,1,3,4,1,3,3,2,2,0,2,0,1,3,3,2,2,2,2,4,1,2,0,3,4,1,1,2,1,3,4,4,3,4,2,1,0,4,3,2,1,4,4,4,4,0
104935:4,2,1,1,1,1,2,1,4,1,2,3,2,0,3,0,4,3,0,4,3,0,4,2,3,2,1,4,0,1,2,1,0,1,2,2,4,2,4,1,4,0,2,1,3,4,1,1,2,0,0,4,1,4,0,3,1,2,3,3,1,4,2,0,0,0,0,1,2,1,1,3,4,1,3,4,4,1,3,1,3,0,0,2,2,3,2,4,4,2,4,2,2,3,2,4,1,1,1,3,0,0,4,0,1,2,1,2,4,2,4,1,1,4,4,4,4,2,1,3,3,2,4,0,1,2,4,4,0,2,2,3,4,0,0,4,1,3,2,2,1,4,2,4,2,0,4,1,0,1,0,1,3,0,2,4,3,0,4,0,4,4,0,3,3,3,3,1,2,0,1,4,0,2,0,3,1,2,0,1,4,2,2,0,0,3,0,0,1,1,1,3,0,0,4,1,1,2,0,3,2,1,1,4,0,2,1,2,2,2,0,1,3,3,3,0,3,2,1,1,3,1,3,1,1,3,1,1,1,3,3,1,0,2,3,2,3,0,0,4,1,1,3,0,1,0,2,4,2,3,2,1,3,1,1,1,3,2,4,1,4,0,1,0,3,1,4,0,4,1,1,1,0,1,2,0,0,1,2,0,4,2,3,4,0,2,2,3,0,2,2,2,1,2,0,4,2,4,0,3,2,1,3,2,1,4,2,3,0,2,1,4,4,0,3,4,3,0,2,2,0,0,3,0,4,0,2,2,1,3,4,3,2,3,4,4,0,0,2,4,2,4,4,4,3,3,2,0,2,4,0,4,0,0,4,1,3,2,2,1,3,3,4,2,2,3,1,1,3,3,2,3,4,1,0,0,0,3,3,4,0,3,3,3,1,1,1,1,2,1,1,2,3,2,2,3,4,3,4,3,0,3,1,1,1,3,0,0,3,2,3,2,2,0,0,4,4,4,2,4,4,1,4,4,0,4,4,0,0,3,4,2,1,4,1,0,2,2,0,4,2,0,3,2,2,1,4,2,3,0,3,3,4,4,3,0,4,0,3,0,0,2,0,3,0,0,4,0,3,4,0,1,2,3,4,3,4,0,2,4,4,0,3,3,4,2,4,3,4,2,0,1,2,1,2,4,1,2,3,1,4,3,0,3,0,4,2,1,3,0,4,2,3,2,0,2,0,4,3,1,4,1,3,4,3,3,3,4,1,3,3,3,2,3,2,4,4,1,1,3,0,0,2,2,0,1,4,4,2,4,0,2,3,4,3,2,3,4,3,4,4,4,1,2,1,1,4,0,2,0,4,4,4,3,1,1,4,4,0,0,4,0,1,4,3,1,0,2,3,4,2,2,3,0,1,4,0,4,4,1,3,1,2,3,1,4,0,2,4,4,3,2,1,3,0,4,2,2,2,4,2,2,0,2,2,1,4,2,3,1,4,0,0,0,1,0,2,3,3,3,3,0,0,0,0,3,2,1,1,2,2,4,0,2,2,0,1,2,0,2,2,4,3,2,3,1,3,0,3,2,3,2,3,2,2,4,2,4,3,0,0,1,4,0,3,0,4,3,3,4,4,0,2,4,3,3,3,3,0,0,1,3,1,3,0,0,1,3,0,4,4,1,4,4,4,3,0,1,0,4,0,4,0,3,0,4,4,4,2,2,3,0,0,1,4,3,0,0,2,2,0,0,1,0,1,4,3,0,4,3,0,2,3,4,0,2,2,1,1,1,3,4,1,1,1,1,0,4,4,3,2,2,2,3,3,2,2,1,2,1,0,2,1,3,0,4,4,3,3,4,4,4,3,2,4,4,2,2,1,2,1,3,2,4,2,1,1,2,1,1,1,3,1,2,4,3,0,1,1,2,4,2,2,2,2,0,0,4,4,1,4,2,2,1,4,2,3,1,2,3,4,2,0,4,1,4,0,1,3,2,2,0,0,2,4,0,3,1,3,0,2,4,3,3,0,2,1,3,4,3,1,2,1,2,1,1,3,0,0,3,1,2,1,2,3,4,3,4,2,3,3,4,3,1,3,4,3,4,1,3,3,4,0,4,2,0,2,3,2,1,4,0,4,2,3,2,0,1,3,2,0,0,4,4,2,1,0,3,0,2,3,3,2,0,4,2,2,4,0,0,2,3,3,2,2,1,4,1,3,4,2,1,0,3,4,1,2,3,4,3,0,2,1,1,2,4,1,3,4,1,0,2,0,4,0,2,4,1,1,0,0,4,3,1,1,2,3,2,0,3,1,1,0,3,2,4,0,4,0,1,1,0,4,2,0,4,2,2,4,0,2,0,0,2,3,1,4,2,4,4,0,0,0,1,2,2,1,2,1,1,0,0,3,1,2,3,4,1,0,1,2,4,2,2,3,2,3,1,3,3,1,4,4,1,0,3,1,1,4,0,2,2,2,1,3,3,0,4,2,0,4,4,0,3,4,1,0,3,4,0,4,1,1,4,4,2,0,4,0,3,2,1,3,1,2,1,4,2,0,2
109452:1,2,2,1,1,1,2,1,4,4,2,0,2,0,0,0,3,3,1,3,4,4,4,4,2,0,0,4,0,2,2,0,0,2,2,0,1,1,2,3,4,3,1,2,2,2,2,3,0,1,0,3,1,4,2,3,4,1,4,3,1,4,2,0,0,3,0,4,2,1,1,3,2,2,4,2,2,3,4,2,3,0,2,2,4,4,1,4,3,2,1,2,2,4,4,2,1,0,3,4,1,4,4,0,1,1,2,0,0,2,0,4,3,0,3,4,4,0,4,4,3,2,2,0,2,1,4,4,0,3,3,1,3,3,0,4,0,2,1,2,1,2,2,4,2,3,0,1,4,1,0,1,4,0,2,1,4,0,4,0,4,1,2,2,3,0,3,4,2,0,0,0,0,3,1,3,1,0,0,2,2,4,3,1,0,2,0,0,0,0,2,2,0,4,4,1,3,2,0,3,0,1,1,0,4,2,1,0,3,2,4,1,3,1,0,0,4,1,2,1,0,1,2,2,1,0,3,1,4,1,1,3,0,2,3,2,3,0,1,4,3,3,3,3,4,3,1,4,4,3,3,4,1,0,1,1,3,4,2,1,4,1,1,3,0,1,4,0,3,2,1,1,4,3,2,4,0,4,0,3,1,3,3,0,1,0,2,3,1,4,4,4,3,4,0,3,2,4,3,3,2,0,3,2,1,3,2,1,0,2,4,4,1,3,0,4,0,1,2,4,1,0,2,3,4,3,2,3,1,2,1,3,1,3,1,4,2,3,1,0,3,0,3,3,2,2,0,2,4,1,3,2,2,2,1,0,4,0,0,0,4,4,3,0,2,0,1,1,3,3,2,3,4,1,2,2,1,0,0,0,4,3,3,2,1,1,2,3,2,2,0,2,3,2,4,3,2,4,3,4,3,3,4,1,4,3,1,1,3,1,4,3,3,1,3,0,4,2,2,2,1,0,4,3,3,1,2,0,0,2,2,4,3,3,1,2,2,0,3,3,4,3,4,4,0,4,2,1,2,2,2,2,0,1,4,0,1,4,1,3,3,1,3,1,3,1,1,3,3,3,2,1,3,3,1,4,3,2,1,0,3,0,4,4,1,2,1,0,0,0,4,2,4,1,4,3,4,1,4,3,4,3,4,3,3,3,4,1,3,4,3,1,4,0,3,1,2,1,1,4,2,4,3,4,4,0,1,3,0,0,3,4,4,1,1,0,1,3,0,1,2,1,2,0,0,3,1,4,0,1,3,2,3,3,2,3,4,2,1,2,2,1,2,0,3,4,3,1,1,3,0,3,3,4,3,0,4,4,2,2,4,3,0,1,0,4,4,0,4,3,4,1,2,2,0,3,1,2,0,1,1,3,3,1,3,0,0,3,2,2,3,0,2,0,3,4,4,0,0,2,2,2,4,2,2,1,1,0,0,1,1,0,0,0,2,4,3,1,4,0,4,2,4,0,0,3,2,2,2,3,4,3,2,1,4,4,2,4,2,2,0,2,3,4,0,1,4,1,2,2,0,4,4,3,4,2,3,4,0,3,2,0,0,4,0,3,2,0,0,0,4,2,1,1,2,1,0,1,0,3,2,3,4,3,1,1,3,3,2,4,1,2,4,0,3,3,3,3,2,0,0,1,1,0,3,2,2,4,1,2,4,3,1,2,3,1,2,0,3,0,2,0,2,0,1,0,3,3,3,3,4,2,0,3,2,1,3,3,3,4,2,1,3,4,2,3,2,0,4,1,1,3,4,0,3,3,4,3,0,1,4,3,1,3,1,1,3,3,1,4,1,1,3,2,3,4,0,1,1,2,2,1,1,3,0,1,2,0,3,1,4,0,4,0,0,1,4,2,0,1,2,4,3,0,2,0,1,3,2,4,3,4,1,2,1,1,0,1,2,3,3,2,4,1,2,4,3,4,0,4,2,0,3,4,2,0,4,4,1,2,2,2,3,1,4,1,4,3,3,3,3,1,0,0,0,1,0,1,1,3,0,3,0,2,3,2,3,3,2,2,2,0,0,4,4,3,3,1,0,3,2,0,3,0,0,4,2,0,4,0,3,0,2,2,2,1,4,0,2,0,0,4,4,1,2,1,2,3,2,1,4,0,0,0,4,2,2,2,3,0,4,0,4,0,4,4,2,4,2,0,0,2,0,3,4,2,0,1,3,4,3,1,4,4,3,1,2,0,3,3,3,4,4,2,4,4,4,0,0,1,3,0,2,3,2,4,1,0,1,4,0,0,0,2,3,3,2,3,0,2,1,2,4,0,3,1,0,4,2,0,1,2,4,4,3,0,4,1,0,4,1,1,4,1,2,1,4,3,3,3,4,2,1,2,4,3,3,3,0,2,1,2,0,1,0,1,3,4,1,4,4,0,3,4,1,1,3,4,1,3,3,2,2,0,2,0,1,3,3,2,2,2,2,4,1,2,0,3,4,1,1,2,1,3,4,4,3,4,2,1,0,4,3,2,1,4,4,4,4,0
129250:1,2,2,1,1,1,2,3,2,4,2,0,2,0,0,0,3,0,1,3,4,4,1,1,2,0,0,4,0,0,2,0,3,2,2,2,2,1,2,3,4,4,3,4,2,2,0,3,0,0,0,3,1,0,3,3,4,2,4,0,1,4,2,3,0,2,0,4,2,2,1,4,3,2,4,2,1,3,4,4,4,4,2,2,4,4,1,4,3,2,1,2,2,4,1,4,1,0,3,4,1,0,4,0,1,3,1,0,0,2,4,4,2,0,0,4,3,3,4,4,3,2,2,0,2,1,0,4,3,3,2,3,3,0,0,4,0,2,1,2,1,2,2,4,2,0,0,1,4,3,0,1,4,0,4,0,3,0,4,0,4,1,4,3,3,1,3,4,2,0,0,0,0,3,0,3,1,2,3,2,2,0,4,1,0,4,0,0,0,1,1,2,0,4,4,1,3,2,0,4,0,1,1,0,3,0,1,3,3,2,4,4,3,3,0,0,0,1,2,1,4,1,2,2,1,2,4,1,4,1,0,3,0,2,0,2,3,0,3,4,1,3,3,4,4,3,2,4,4,4,3,4,1,0,1,1,2,2,0,1,2,1,0,4,3,1,2,4,0,2,2,2,3,2,2,4,0,2,2,2,1,1,2,3,2,4,2,3,2,4,3,3,3,3,3,1,0,2,3,0,2,3,3,1,1,0,1,1,3,4,1,4,2,0,3,4,4,0,3,1,2,1,4,2,0,2,4,3,2,0,1,4,4,4,2,0,0,3,1,4,2,0,3,0,1,1,3,0,0,3,0,1,0,0,4,0,2,4,1,1,4,2,1,3,2,3,3,3,2,0,2,0,0,1,0,1,3,0,1,0,3,3,1,4,4,2,0,2,0,1,3,0,4,0,3,1,4,2,1,1,3,2,0,3,3,1,4,1,2,4,1,1,2,3,0,4,0,0,2,1,1,1,1,1,1,4,3,0,2,4,1,0,1,2,4,4,0,0,0,2,3,2,4,0,1,4,3,1,3,1,2,2,2,3,0,3,3,3,0,1,2,1,2,3,4,2,3,4,4,4,2,0,2,1,1,3,0,3,1,1,0,2,4,2,3,4,0,0,3,1,1,0,2,3,4,1,1,2,1,4,2,4,0,0,0,0,3,0,4,3,3,4,0,3,2,2,2,4,2,0,0,2,1,2,3,2,4,4,3,0,3,2,2,4,2,0,4,1,4,3,4,1,3,1,4,1,2,2,0,0,3,1,4,0,3,2,1,3,1,1,1,2,4,3,0,2,4,4,3,0,3,2,3,2,0,3,3,1,1,4,1,4,0,1,4,2,3,1,2,0,2,1,0,2,4,0,4,4,0,3,3,2,1,0,1,0,3,0,2,4,4,3,4,1,0,4,3,1,0,0,3,3,1,4,0,1,4,4,1,1,1,3,0,4,3,2,4,2,2,2,1,1,1,1,1,2,0,0,1,1,1,4,4,2,4,4,4,0,4,1,2,2,4,3,1,4,0,1,4,0,3,1,0,4,3,1,2,3,2,3,0,3,3,0,1,3,0,0,4,4,1,1,2,0,0,3,3,0,0,3,4,3,4,4,4,3,1,1,3,3,0,4,1,0,4,2,2,0,3,1,0,0,3,1,1,3,1,4,4,1,2,3,0,2,2,0,1,4,1,0,2,2,3,4,0,3,2,3,3,0,4,0,1,3,1,2,1,3,2,0,4,1,3,0,3,1,0,4,4,2,4,2,4,3,1,0,4,4,3,1,4,3,0,1,1,2,4,3,0,1,3,4,2,1,0,0,2,0,0,2,3,0,4,2,1,1,3,1,0,1,2,0,0,2,2,1,4,1,3,0,3,1,4,0,3,0,1,1,1,2,3,4,1,3,1,1,0,4,3,1,1,0,2,1,3,4,3,3,0,3,3,4,0,3,4,4,3,1,1,4,3,4,3,1,0,0,3,4,0,1,0,2,2,2,4,4,2,2,4,2,0,3,4,1,1,1,0,0,2,2,4,1,1,0,3,0,4,1,4,0,3,4,2,0,3,1,1,0,4,1,3,1,4,0,1,1,1,1,1,1,3,1,0,4,0,3,0,0,4,1,1,3,0,3,4,4,0,0,0,4,2,3,1,4,3,4,3,0,0,4,3,1,1,4,2,2,3,4,2,2,4,3,2,4,2,1,4,2,0,4,1,2,3,0,4,2,4,2,2,0,2,1,4,3,0,3,0,4,2,3,0,3,2,1,0,1,0,1,3,1,0,4,4,4,0,3,1,1,3,4,0,2,4,0,1,1,4,2,4,2,1,4,1,4,0,3,1,1,2,2,3,3,3,2,0,2,0,4,3,1,4,4,4,4,4,1,0,2,3,0,3,4,4,1,4,0,2,4,2,4,1,0,3,3,3,1,2,1,4,0,0,3,1,4,2,4,0,1,3,4,3,0,4,3,1,3,4,3,1,2,4,4,3,1,4,1,2,2,0,2
107268:4,3,2,4,2,1,2,3,2,0,1,0,3,2,3,4,0,0,1,1,4,1,0,4,4,2,0,2,1,1,2,0,4,2,4,1,0,4,2,2,1,1,3,2,0,0,1,1,2,3,4,2,2,1,2,3,2,4,4,3,4,2,3,3,2,1,4,0,2,2,4,0,1,3,1,3,4,1,4,0,1,4,3,1,4,0,1,2,0,4,2,3,4,3,4,2,2,0,0,1,2,4,1,2,1,1,0,1,1,4,1,2,4,1,1,2,3,3,3,0,0,3,2,0,4,0,1,2,4,0,0,2,3,0,2,1,4,3,0,4,0,1,2,2,0,2,1,3,2,0,0,1,4,2,1,4,3,1,4,4,2,1,2,2,3,3,4,2,0,2,0,3,3,2,3,1,4,0,1,2,0,3,4,0,1,0,0,1,3,4,2,3,2,1,2,3,3,2,0,1,4,0,1,2,3,0,1,1,4,3,1,4,2,4,1,0,3,1,2,3
129482:4,2,1,1,1,0,2,1,4,2,2,3,2,0,3,0,4,1,0,2,3,0,4,2,3,2,0,0,0,2,2,4,0,1,2,0,4,2,1,1,4,0,2,1,3,2,1,1,2,0,0,0,1,2,3,1,4,2,3,3,1,4,2,0,0,0,0,1,3,1,1,3,4,1,3,4,4,1,3,4,3,0,4,0,2,3,2,4,0,2,4,2,2,3,2,4,1,1,2,3,0,0,4,1,1,3,1,0,4,3,1,1,1,3,4,4,4,2,1,3,1,2,4,0,1,2,4,4,2,0,2,3,4,0,0,4,1,3,4,2,1,4,2,4,2,3,4,2,2,1,0,0,3,0,2,4,4,0,1,0,4,3,0,3,3,3,3,0,2,0,1,1,0,2,0,3,1,2,0,1,4,2,2,0,0,1,3,0,1,3,1,3,0,0,4,3,1,0,0,2,4,0,1,0,0,2,1,2,1,2,0,1,3,3,3,0,3,2,0,1,3,1,3,1,1,3,1,1,1,4,0,1,0,4,3,2,0,0,0,4,1,1,3,3,1,3,2,2,4,3,2,1,3,1,4,1,3,1,4,1,4,0,1,0,3,1,4,1,4,1,3,1,4,1,4,0,0,1,2,0,3,1,3,1,0,2,2,3,0,2,1,2,1,2,0,4,2,4,0,3,2,1,3,2,2,4,4,3,3,2,3,4,4,0,3,4,3,0,2,1,0,0,3,0,2,1,2,2,1,3,4,3,2,3,4,4,2,0,2,4,2,4,4,4,3,3,2,0,2,3,2,1,0,0,4,0,3,2,2,1,3,3,4,2,2,3,1,1,3,3,2,3,4,1,0,0,0,3,3,4,0,3,3,3,1,1,0,1,2,1,3,2,3,0,2,3,4,3,3,3,0,3,1,0,1,3,1,0,4,2,3,0,0,2,0,4,3,4,1,4,4,1,0,2,0,4,4,0,2,3,3,2,1,4,1,0,2,2,0,2,2,2,3,1,2,1,4,2,3,0,3,3,4,4,3,0,4,0,3,0,0,1,0,3,0,0,4,0,3,4,0,1,2,3,1,3,0,0,2,4,4,0,3,2,3,2,4,3,4,1,2,1,0,1,2,2,1,2,3,1,4,3,4,3,0,0,2,1,3,0,4,3,3,2,0,2,0,4,3,1,0,4,3,3,3,4,0,4,1,3,3,3,2,2,2,4,4,1,0,0,1,0,2,3,4,1,4,4,2,4,0,2,3,4,3,2,3,2,2,4,4,4,4,2,1,1,4,0,2,0,1,4,4,0,1,1,4,0,0,0,4,0,0,4,3,1,0,2,4,4,2,2,3,0,1,4,0,4,4,1,0,1,2,3,1,4,0,3,3,1,3,0,1,4,4,4,2,2,2,4,2,4,0,2,1,4,4,2,3,0,4,1,0,4,1,0,2,3,2,3,3,3,0,0,0,3,2,3,2,1,2,4,0,2,2,0,2,2,0,2,2,0,3,3,3,1,3,0,3,0,1,2,2,2,2,4,4,4,3,0,2,1,4,4,3,0,1,3,3,4,4,1,2,2,4,3,3,3,1,0,4,3,1,3,0,0,4,3,0,3,0,1,4,4,4,3,0,1,0,4,2,4,1,2,2,1,1,2,3,0,4,4,0,0,1,3,3,3,3,2,0,1,2,2,1,4,0,2,3,3,0,1,2,3,0,0,2,2,1,4,4,0,4,0,1,4,1,4,4,2,2,1,3,4,4,4,1,1,2,0,4,3,1,2,3,2,2,2,4,4,2,3,1,1,1,2,1,3,2,0,0,1,3,3,0,1,3,1,4,3,1,0,3,3,0,1,4,2,4,4,3,1,3,3,2,2,3,4,1,4,4,1,2,3,0,4,2,3,1,0,4,2,3,4,2,3,0,2,1,4,1,4,1,0,1,3,0,3,3,3,2,3,0,1,3,0,1,0,3,3,1,1,1,4,2,3,2,3,1,3,4,2,2,1,3,4,3,1,2,0,0,4,2,0,1,3,0,4,2,4,2,0,3,4,4,1,3,2,4,4,1,3,2,4,0,0,1,1,4,4,3,3,4,1,1,0,4,1,2,2,2,3,3,0,0,3,2,1,4,1,0,1,4,1,1,0,3,2,4,4,2,3,1,3,2,1,3,0,4,4,2,3,3,0,3,3,4,0,1,4,1,2,1,1,0,3,4,0,3,0,1,1,0,4,3,4,2,4,3,3,1,3,2,4,3,0,0,2,0,4,1,3,2,3,3,4,4,4,4,3,3,0,0,2,3,1,3,3,4,3,0,2,0,1,3,2,1,2,1,1,0,0,3,0,2,3,4,1,0,1,0,4,4,2,1,2,3,1,3,3,1,2,4,1,0,3,1,1,3,0,2,2,2,1,3,3,0,4,2,0,4,4,0,3,4,1,2,3,4,0,4,1,1,4,2,2,0,4,3,2,2,4,3,3,2,0,4,2,0,2
144043:1,2,2,1,1,1,2,3,2,4,2,0,2,0,0,0,3,0,1,3,2,4,1,1,2,4,0,4,0,0,2,0,3,3,2,2,4,1,2,3,4,4,3,4,2,2,0,3,0,0,0,3,0,0,3,3,0,2,4,0,1,4,0,3,0,2,4,4,2,2,1,4,0,2,4,2,1,3,4,4,4,4,2,2,4,4,1,4,4,2,1,2,1,4,4,4,1,0,3,0,3,0,4,0,1,3,3,0,0,2,4,4,2,1,0,4,3,3,4,4,3,2,2,0,2,1,0,4,3,3,4,3,3,0,0,4,0,2,1,2,1,2,0,4,2,0,0,3,4,2,0,1,4,0,4,3,1,0,4,0,4,1,4,3,3,4,3,4,1,0,0,0,0,3,1,3,1,4,3,2,0,0,4,1,1,4,0,0,0,1,1,2,0,4,4,1,1,2,0,4,0,4,1,0,3,0,1,3,3,2,4,3,1,3,0,0,0,2,3,4,2,4,0,1,1,2,1,2,4,4,4,2,1,1,1,3,3,0,1,3,4,1,3,3,1,0,2,1,1,4,0,0,3,1,2,2,4,3,1,3,4,1,1,4,3,2,4,4,3,4,3,3,1,1,1,4,1,4,0,4,4,1,4,2,3,2,1,2,1,4,0,4,0,2,4,3,0,2,3,0,2,1,1,2,3,3,2,0,1,3,4,1,0,4,4,3,2,2,0,3,1,1,0,1,3,0,4,3,2,3,1,4,2,2,3,3,1,1,3,4,0,3,0,0,3,4,4,0,0,4,3,0,4,3,0,0,3,0,3,1,0,0,1,3,3,4,1,0,0,4,4,0,2,4,1,0,4,0,1,0,0,4,0,1,2,1,1,1,1,0,2,0,2,4,3,4,3,4,1,3,4,3,4,2,3,1,3,3,1,4,3,2,3,4,0,1,1,0,2,3,0,0,3,2,4,1,1,2,2,1,1,0,2,1,2,4,2,0,2,4,4,1,1,3,4,0,2,3,1,2,1,2,2,0,0,1,2,1,4,4,3,0,4,3,1,2,3,3,3,1,2,2,3,4,1,4,0,1,3,1,4,4,4,1,0,4,3,2,1,2,2,0,2,1,4,4,2,3,4,3,4,0,1,2,0,3,2,1,0,0,2,4,0,1,4,1,4,4,4,3,2,1,0,0,3,3,4,2,1,2,0,2,4,2,4,3,0,1,4,1,2,1,0,3,3,0,4,0,3,2,3,4,0,3,4,3,1,4,0,2,2,1,0,0,4,4,4,4,1,3,4,4,4,2,1,2,3,2,2,4,1,1,1,3,4,0,4,1,3,4,0,0,1,1,1,1,0,0,1,2,3,2,0,3,3,4,1,2,1,3,1,2,0,0,0,0,4,0,2,2,1,3,2,3,4,1,4,4,0,1,1,2,3,3,0,2,2,2,4,4,0,0,2,4,2,3,2,1,3,3,3,4,2,1,0,1,0,3,1,4,4,2,1,3,0,2,0,1,4,4,2,0,2,0,2,4,3,4,1,3,3,3,0,1,1,0,2,1,4,3,4,3,1,1,1,2,0,1,0,0,2,3,0,4,4,3,4,3,2,0,1,1,0,3,2,1,4,4,3,2,3,3,1,0,3,2,2,4,0,2,4,1,2,2,3,1,2,0,3,0,2,0,2,0,1,1,3,3,2,3,1,4,2,4,2,1,3,2,0,1,2,3,4,4,1,0,3,3,4,3,3,4,2,4,3,2,4,0,2,4,4,4,3,0,2,1,1,1,4,4,2,3,2,0,3,2,0,4,4,0,4,2,1,4,0,1,0,4,0,4,3,4,2,4,0,0,3,2,0,1,1,4,4,4,1,0,1,4,1,3,2,0,4,1,1,3,3,2,2,3,0,1,4,0,3,3,4,3,0,2,2,2,3,4,2,4,0,3,1,0,3,3,4,1,4,1,4,1,0,2,3,1,0,0,4,3,1,1,3,0,2,0,3,4,2,0,4,0,1,3,3,0,4,0,1,1,2,2,0,3,4,4,3,3,1,4,4,3,2,1,0,0,0,2,3,2,1,1,3,4,0,2,3,1,2,1,0,3,1,3,3,0,2,3,4,2,2,0,0,0,2,3,0,1,4,1,1,1,3,4,2,1,4,3,0,1,2,1,4,3,0,2,4,1,2,1,4,3,4,1,0,1,0,4,0,4,4,1,0,0,0,3,0,4,0,2,4,2,4,4,4,1,2,1,2,4,1,4,4,0,1,0,4,2,0,4,1,3,4,3,2,1,3,2,3,3,2,4,4,3,0,0,0,4,2,1,0,0,1,1,0,0,3,2,2,3,4,4,3,3,0,2,4,2,1,2,3,4,1,1,4,4,1,2,1,4,3,4,1,3,0,2,0,0,2,0,4,3,3,2,4,2,4,1,1,1,1,3,4,0,1,2,2,3,2,0,3,3,2,0,0,4,3,1,3,4,4,4,1,0
165334:1,2,2,1,1,1,2,3,2,4,2,1,2,0,0,0,3,0,1,3,2,4,1,1,2,4,0,4,0,0,2,0,3,3,2,2,4,1,2,3,4,4,3,4,3,2,0,3,0,0,2,3,0,0,3,2,4,2,4,0,1,4,2,3,0,2,0,4,0,2,1,0,1,2,2,2,1,3,3,4,4,1,2,2,4,4,1,1,4,2,1,2,1,4,2,4,1,2,3,4,1,0,4,0,1,3,4,0,0,2,4,4,2,0,0,4,3,3,1,4,3,2,2,0,2,1,0,4,3,3,0,3,3,0,0,4,0,2,1,2,0,2,2,4,3,0,0,3,4,3,0,1,4,2,4,0,2,0,4,0,4,1,4,3,3,4,3,4,2,0,0,0,1,3,1,3,1,4,0,0,2,0,4,1,2,4,4,0,0,1,1,2,0,4,4,1,1,2,0,4,4,1,1,0,1,0,1,3,3,2,4,4,3,3,0,0,0,2,3,4,2,3,0,1,1,2,1,2,4,4,4,2,1,1,4,2,1,0,1,3,4,1,3,3,3,2,3,1,2,4,0,0,3,2,2,2,4,3,1,3,0,1,1,4,3,2,2,3,3,4,3,3,1,1,1,4,1,4,0,4,4,1,4,2,3,2,1,2,1,3,0,2,3,2,4,3,0,2,3,0,2,1,1,2,3,3,2,3,2,3,3,4,1,4,4,3,2,0,1,3,4,1,0,3,2,0,4,3,2,3,1,4,2,2,3,3,3,1,3,1,0,3,3,0,4,1,4,3,0,4,3,0,4,3,0,0,2,0,3,1,3,0,3,3,4,4,1,0,0,0,4,0,2,4,1,0,2,1,1,1,0,4,0,1,2,1,1,1,4,0,2,0,2,4,2,4,3,4,4,3,4,3,4,2,1,4,3,1,2,4,3,2,3,4,1,1,1,0,2,0,0,0,3,2,3,3,1,2,2,1,1,0,2,1,2,4,2,0,2,4,4,1,1,3,4,2,0,2,1,2,1,2,2,0,0,1,2,1,4,4,3,0,4,3,1,4,3,3,3,1,2,3,3,4,1,4,0,2,1,1,4,4,4,2,0,4,0,2,1,2,2,0,0,1,4,4,4,3,4,3,4,0,1,2,0,3,2,1,0,0,2,4,0,4,4,1,1,4,0,0,2,1,0,1,3,3,4,1,1,2,0,2,3,2,4,3,0,1,2,1,2,3,0,3,3,0,4,0,2,3,3,4,0,3,4,3,4,3,0,3,2,0,0,2,4,4,4,2,1,3,4,4,4,2,2,2,3,2,2,4,1,1,1,2,4,2,4,1,3,3,0,1,2,1,1,2,0,3,1,2,3,2,0,3,3,4,1,2,1,3,1,2,0,0,0,0,4,0,2,2,1,3,2,3,4,1,4,4,0,3,1,2,3,3,0,2,2,2,4,4,0,0,2,4,2,3,2,1,1,3,3,4,2,1,0,1,0,3,1,4,4,2,1,3,0,2,0,1,4,4,2,0,2,0,2,4,0,4,1,3,3,3,0,1,1,0,2,1,4,3,4,3,1,1,1,2,3,1,0,0,4,3,0,4,4,3,4,3,2,0,1,1,0,3,2,1,4,4,3,2,3,3,1,0,3,2,2,4,0,2,4,1,2,2,3,1,2,0,3,0,3,0,2,0,1,1,3,3,2,3,2,4,2,4,2,2,2,2,0,1,2,3,4,1,1,0,3,3,4,3,3,4,2,4,3,2,4,0,0,4,4,0,3,0,2,1,1,1,4,4,2,3,2,0,3,2,0,4,4,0,1,2,1,4,0,1,0,4,0,4,0,4,2,4,0,0,2,2,0,1,1,4,4,4,1,1,3,4,1,3,2,0,1,1,1,3,3,2,2,3,0,1,4,0,3,3,4,3,0,2,2,1,0,4,2,4,0,3,1,0,3,3,4,1,4,1,4,1,0,2,3,1,0,0,4,3,1,1,3,0,2,0,3,4,2,0,2,0,1,3,3,0,4,1,1,1,2,2,0,3,4,4,3,3,1,4,4,3,2,1,0,0,0,4,3,2,1,1,3,4,0,2,3,1,2,1,0,3,1,3,3,0,4,3,4,2,2,2,0,0,2,3,0,1,4,1,1,1,3,4,2,1,4,3,0,1,2,1,4,1,2,2,4,1,2,1,4,3,4,1,0,1,0,4,4,4,4,1,0,0,0,3,0,4,0,2,2,2,4,4,4,1,2,1,2,4,1,4,4,0,1,1,4,2,0,4,1,3,4,3,2,1,0,2,3,3,2,4,4,3,0,0,0,4,2,1,0,0,0,1,0,0,0,4,2,3,4,4,3,3,0,2,4,2,1,2,3,4,1,1,4,4,1,2,1,4,3,4,1,3,0,2,0,0,2,0,4,3,3,2,3,2,4,1,1,1,1,3,4,0,1,2,2,3,2,0,3,0,1,0,3,4,3,1,3,4,4,4,1,0
190214:1,2,2,1,1,1,2,3,4,4,2,1,2,0,0,0,3,0,1,3,2,4,1,1,2,1,0,4,0,0,2,0,3,3,2,2,1,1,2,3,4,4,3,4,3,2,0,3,0,0,2,3,0,0,3,2,4,2,4,0,1,4,2,3,0,2,0,3,0,2,1,0,1,2,2,2,1,3,3,4,4,1,2,0,4,4,1,1,4,2,0,4,1,2,0,4,1,2,3,4,1,0,4,4,1,3,4,0,1,2,4,4,2,0,0,4,3,3,1,4,3,2,2,0,2,1,0,4,3,3,0,3,3,0,0,4,0,2,1,2,0,2,2,4,3,0,3,3,4,3,0,1,4,1,4,0,2,3,2,0,4,1,4,3,1,4,3,4,2,0,0,0,1,3,1,3,1,2,0,3,2,0,4,0,2,4,4,0,0,1,1,2,0,0,4,1,1,2,0,4,4,1,1,0,3,0,1,3,3,2,4,4,3,3,3,0,0,2,3,4,2,3,0,1,1,2,1,2,4,4,4,2,1,1,4,2,0,0,1,3,4,1,3,3,3,0,4,1,2,4,0,0,3,2,2,0,4,3,1,3,0,1,1,4,3,2,2,3,3,4,3,3,1,1,1,4,3,3,0,4,4,1,2,2,3,2,1,2,1,3,0,2,3,2,4,3,0,2,3,0,2,1,1,2,3,3,2,3,3,3,3,4,1,2,4,3,2,0,1,3,4,1,0,3,2,0,4,3,2,3,1,4,2,2,3,3,3,1,3,1,0,3,3,0,4,1,4,3,0,4,3,0,4,3,0,0,2,0,3,2,3,0,3,3,4,4,3,0,0,0,4,0,2,4,1,0,2,1,1,3,0,4,0,1,2,1,1,1,4,0,2,0,2,4,2,4,3,1,4,3,4,2,4,2,1,0,3,1,2,4,3,2,3,4,1,1,1,0,2,0,0,0,0,2,3,3,1,2,0,1,1,0,2,1,2,4,2,0,2,4,4,1,1,3,4,2,0,2,1,2,1,2,2,0,3,1,2,1,4,4,3,0,4,3,1,4,3,3,3,1,2,3,3,4,1,4,0,2,1,1,4,4,0,2,0,4,0,2,1,1,1,4,0,1,2,2,1,2,3,1,4,3,3,3,0,0,2,4,4,0,1,0,3,2,4,2,0,4,3,1,0,4,4,3,3,0,0,1,1,3,3,3,2,2,2,4,4,4,0,0,1,0,2,3,4,1,4,4,2,4,0,2,2,4,4,2,3,2,2,4,4,4,3,2,1,1,4,0,2,0,1,4,2,4,1,1,4,0,1,0,4,0,2,4,3,1,0,2,3,4,2,2,4,0,1,4,0,3,4,4,0,4,2,3,1,4,0,3,3,0,3,0,1,2,4,3,2,2,2,4,2,4,0,2,1,4,4,2,3,0,4,1,0,4,1,4,2,3,2,3,3,3,0,0,0,3,2,3,2,1,2,2,4,3,2,0,2,2,0,2,2,0,3,3,3,1,3,0,3,0,1,2,2,2,2,4,4,3,3,0,4,1,4,2,3,0,1,3,3,4,4,1,2,2,4,3,3,3,1,0,4,3,1,3,0,0,4,3,0,3,0,1,4,4,4,3,3,0,0,4,2,4,1,2,2,1,1,2,3,0,4,4,0,0,1,3,3,2,3,2,0,1,2,2,1,4,0,2,3,3,0,1,2,3,0,0,2,2,1,4,4,0,2,0,1,4,1,4,4,2,2,1,3,4,4,2,1,1,2,0,4,3,1,2,3,4,2,2,4,4,2,3,1,1,1,3,1,3,2,0,0,1,3,3,0,1,3,1,4,3,1,0,4,3,2,1,4,2,4,4,3,1,3,3,2,2,3,4,3,4,4,1,4,3,0,4,2,3,1,2,4,2,3,4,2,3,0,2,1,1,0,4,1,0,1,3,0,3,3,3,2,3,0,1,1,0,3,0,3,3,1,1,1,4,2,3,2,3,1,3,4,1,2,1,3,4,3,1,1,0,0,4,2,0,1,3,4,2,2,4,2,4,3,4,4,1,3,2,4,4,1,3,2,4,0,0,1,1,4,4,3,3,4,1,1,0,4,1,2,2,2,3,3,0,0,1,4,1,4,1,0,0,4,1,1,0,3,2,4,4,2,3,1,3,2,1,3,0,4,4,2,3,3,0,3,3,1,0,1,4,2,2,1,1,0,2,4,0,3,0,0,1,0,4,3,4,3,1,1,3,1,3,2,1,3,0,0,2,0,4,1,2,4,3,3,3,4,4,4,3,3,0,4,2,3,1,3,3,1,3,0,2,0,1,3,2,1,2,1,1,0,0,3,1,2,3,4,1,0,4,0,4,4,2,3,2,3,1,3,3,1,2,4,1,2,3,1,1,1,0,2,2,2,1,3,3,2,4,2,0,4,4,0,3,0,1,2,3,4,0,4,1,1,4,2,2,0,4,3,2,2,4,3,3,2,3,2,2,0,2
191460:3,2,2,1,1,4,2,3,2,2,2,0,2,0,0,0,3,0,1,3,2,3,1,1,2,4,0,3,4,2,2,3,3,3,2,2,4,1,2,4,4,3,2,4,2,3,0,2,2,4,1,0,2,0,3,3,4,2,4,4,1,1,0,3,2,2,4,4,2,3,1,0,0,2,4,2,2,2,2,4,4,4,2,2,0,4,4,0,2,1,1,2,0,2,4,3,1,0,2,1,4,4,0,4,2,4,0,4,0,2,4,3,2,2,0,3,3,3,4,0,0,2,2,4,2,4,4,2,3,3,4,4,1,1,2,4,4,2,1,2,0,2,0,3,1,3,2,3,4,1,0,3,3,3,2,3,3,2,4,0,4,1,4,4,1,2,0,4,4,3,0,0,0,3,0,3,1,1,3,3,0,1,4,1,1,4,3,2,0,1,1,4,0,2,4,1,3,3,0,2,0,3,3,0,0,0,3,3,0,2,2,3,1,3,0,0,4,2,3,4,4,4,0,1,1,0,1,1,4,0,4,2,4,0,1,4,0,0,3,3,1,2,3,0,1,1,2,1,1,2,1,1,3,2,2,2,0,3,1,3,1,1,3,3,3,0,4,4,3,3,3,3,2,1,4,4,1,4,0,4,1,2,4,2,1,2,4,4,1,3,4,1,1,3,0,3,0,0,0,0,2,1,1,1,1,3,2,2,1,2,4,1,0,0,3,4,1,2,1,1,1,1,0,4,1,1,4,3,2,1,1,3,4,2,1,3,1,1,3,1,0,0,0,2,0,1,4,0,0,4,3,3,0,3,0,0,3,0,2,3,0,2,1,3,2,4,1,0,0,1,4,4,2,4,1,0,4,0,3,2,3,4,2,2,3,1,2,1,3,2,4,0,2,1,2,4,2,2,1,3,1,1,0,2,3,0,1,0,1,4,3,2,3,4,4,0,1,0,3,3,0,0,1,3,4,0,1,1,4,4,1,2,2,1,4,4,3,1,2,4,4,1,1,1,4,0,2,1,1,2,1,2,2,1,0,3,4,1,1,3,3,4,2,2,0,2,3,3,3,0,4,2,3,4,1,4,0,2,1,1,4,1,1,2,0,4,0,2,1,1,1,4,0,1,2,2,1,2,3,1,4,3,2,3,4,0,2,4,4,0,1,0,3,2,4,2,0,4,3,1,0,4,4,1,3,3,0,1,1,1,3,3,0,2,2,4,4,4,0,0,2,0,2,1,4,1,4,4,2,4,0,2,2,4,4,2,4,2,2,4,4,4,2,2,1,4,4,0,2,0,3,4,2,2,1,1,3,0,4,0,4,0,3,4,3,1,0,2,3,4,2,2,4,0,1,4,0,3,4,4,0,4,2,3,1,4,4,3,3,0,3,0,1,2,1,0,2,3,2,4,2,4,0,2,1,4,4,2,4,0,4,1,0,3,1,4,2,3,2,2,3,3,0,1,0,3,2,3,3,1,2,1,4,3,1,0,2,2,0,2,2,0,4,3,3,1,3,0,3,0,1,2,1,2,2,4,4,3,3,0,0,1,4,2,3,4,1,3,3,4,4,4,2,1,4,3,3,3,1,0,4,3,1,3,0,0,4,3,0,3,0,1,0,4,4,3,3,0,0,4,2,4,2,4,2,1,2,2,3,4,0,1,2,0,1,3,0,1,3,2,0,1,2,2,1,4,0,2,3,3,0,1,2,3,0,0,2,2,1,4,4,0,1,4,0,0,1,1,4,2,2,1,3,4,4,2,2,2,4,1,4,3,1,2,3,2,2,2,4,4,2,3,4,1,1,3,1,3,2,0,0,1,3,3,0,1,3,1,4,3,1,4,4,3,2,1,4,2,4,4,4,1,3,3,2,2,3,4,3,4,0,1,3,3,0,4,2,0,1,2,4,2,3,3,2,3,0,2,1,1,4,4,1,0,1,3,4,3,2,2,2,3,0,1,0,0,3,0,3,3,1,1,1,4,2,3,2,3,1,3,2,1,2,1,0,4,3,1,1,0,0,4,2,0,1,3,4,2,2,4,2,4,3,4,4,1,3,2,4,4,1,3,2,4,2,0,1,1,4,2,3,1,3,1,1,0,4,1,3,2,2,3,0,3,0,1,4,1,4,1,0,0,4,4,4,0,3,2,4,4,2,3,0,3,2,2,3,0,4,4,2,3,3,0,3,3,1,0,3,4,2,2,1,1,4,2,3,2,3,2,0,1,0,4,3,4,3,1,3,3,1,3,2,1,3,0,0,0,0,4,1,2,4,3,3,3,4,4,4,3,3,0,4,2,3,0,3,3,1,3,0,4,0,1,3,2,4,2,1,1,2,0,3,1,2,3,1,1,0,4,0,4,4,2,3,2,3,1,3,3,1,2,4,1,2,4,2,1,1,1,2,2,2,1,3,3,2,4,1,0,4,4,0,3,2,1,2,3,4,3,4,1,1,4,0,2,0,4,3,4,2,4,3,3,2,3,2,2,0,2
159825:1,3,2,4,1,1,2,3,2,0,1,0,2,2,3,4,0,4,1,1,4,1,0,4,4,2,0,2,1,1,2,0,4,2,4,1,0,2,2,2,1,1,3,2,3,0,1,1,3,3,4,2,2,1,2,4,2,4,4,3,2,2,3,3,2,1,4,0,3,0,4,0,1,3,1,3,4,1,2,4,1,4,3,1,4,2,1,2,0,0,2,3,4,3,4,2,2,0,0,1,2,1,1,2,1,1,0,1,1,4,1,2,4,0,4,2,3,3,3,0,0,3,2,0,3,0,1,2,4,0,0,3,3,1,1,1,4,2,0,2,1,1,2,2,0,2,1,3,0,0,0,1,0,1,1,4,3,1,3,0,4,3,3,4,4,4,3,1,4,1,0,3,0,0,3,1,4,2,4,1,1,2,3,2,1,0,3,0,1,3,3,0,2,1,0,4,0,1,1,0,1,4,2,3,4,0,0,4,3,2,4,0,4,2,2,0,1,3,2,3
224805:3,2,2,1,1,4,2,3,4,2,2,0,2,0,0,0,3,0,1,3,2,3,3,1,3,3,0,2,4,2,2,3,3,2,2,2,4,1,2,4,4,3,2,4,2,3,0,2,2,4,1,0,2,0,3,3,4,2,4,4,1,1,3,3,2,2,4,4,2,3,1,0,0,2,4,2,2,2,2,4,4,4,2,2,0,4,4,0,2,1,1,2,0,2,4,2,1,0,2,3,2,4,0,4,2,4,0,1,0,2,4,3,4,2,0,3,3,3,4,0,0,3,2,4,2,4,4,2,3,2,4,4,3,1,2,4,4,2,1,4,0,2,0,3,1,3,2,3,4,1,0,3,3,0,3,3,3,2,4,1,4,1,4,4,1,2,3,3,2,1,4,4,4,2,3,2,0,2,1,0,2,4,3,3,1,2,3,0,3,3,1,0,0,3,2,4,3,4,0,1,1,4,3,2,2,4,0,2,1,1,2,4,1,1,2,2,4,1,0,2,4,4,2,0,0,4,0,0,0,0,1,4,0,2,3,2,2,3,0,4,3,2,3,4,4,0,2,2,2,0,0,2,4,2,3,2,2,3,3,2,4,4,1,0,1,0,3,4,2,2,3,0,0,2,0,3,3,3,2,2,4,2,3,4,4,4,2,2,0,0,0,4,0,3,4,2,3,1,3,1,4,2,2,4,0,2,4,2,1,0,2,0,3,1,0,3,1,3,1,3,3,2,3,3,1,2,1,0,4,3,1,3,4,3,3,3,1,2,0,2,4,4,4,3,0,0,2,4,1,3,1,2,0,0,1,2,4,3,4,2,1,3,0,1,1,4,4,2,1,0,3,1,4,4,4,0,0,1,4,3,3,2,3,2,2,2,2,0,4,4,3,1,2,3,2,3,1,2,3,4,2,0,0,2,3,4,2,0,1,2,4,0,4,0,1,2,3,3,3,2,1,2,4,4,3,1,1,2,4,3,3,1,3,2,3,4,2,0,0,3,2,2,4,2,0,0,4,3,4,2,1,1,1,0,1,3,2,1,1,1,2,0,2,1,1,0,1,3,1,2,2,4,4,2,1,3,0,2,2,4,2,4,3,2,0,4,4,0,3,1,4,1,0,1,3,1,2,0,0,4,2,2,3,0,0,0,4,2,3,1,4,4,1,3,1,1,3,2,2,1,4,3,3,1,0,1,1,1,1,1,1,4,0,1,4,4,0,4,2,0,0,2,1,1,0,2,3,2,0,3,0,4,1,3,4,1,0,1,4,0,2,1,1,3,1,1,0,1,0,3,3,1,0,2,3,1,2,1,0,2,4,0,2,1,4,2,3,4,0,2,1,1,3,3,3,0,4,4,1,4,3,4,2,3,3,3,0,0,4,0,3,0,1,1,1,0,4,1,0,2,0,2,4,1,0,2,2,4,2,3,4,1,3,1,4,1,4,0,2,4,2,1,2,4,2,1,2,4,1,0,4,1,0,2,1,1,1,3,2,4,2,0,0,0,0,0,2,1,0,0,4,1,0,4,3,3,1,1,0,2,4,3,1,0,3,3,2,0,2,3,2,4,3,0,0,4,1,2,3,2,2,4,3,4,4,0,3,0,3,3,3,4,3,0,4,1,3,1,2,0,4,2,0,3,2,0,3,4,2,3,0,0,2,0,0,2,2,3,3,2,4,1,0,0,1,0,1,1,4,3,1,1,0,1,0,3,0,2,2,4,1,0,0,4,4,0,2,2,3,0,3,1,1,4,1,3,0,3,4,2,4,0,4,3,1,3,2,3,3,4,2,0,3,3,4,2,3,1,1,3,1,3,4,0,3,1,3,3,4,2,1,1,2,0,0,4,0,1,4,0,1,0,3,0,4,3,2,3,0,1,1,4,0,0,4,3,1,0,1,1,2,3,2,0,3,2,0,3,0,3,2,0,0,1,0,3,0,2,0,0,4,3,3,4,2,0,2,4,1,4,0,4,2,3,0,0,3,0,4,1,3,2,2,3,3,2,1,4,4,1,4,4,4,3,0,3,4,0,2,1,2,3,0,0,2,1,3,4,1,3,0,4,1,2,3,4,4,0,4,4,2,4,0,2,2,2,0,0,0,3,3,3,2,3,3,4,4,0,3,1,0,4,2,4,4,1,4,1,1,3,1,4,2,0,2,4,2,3,1,1,2,4,4,2,3,1,4,3,1,3,0,4,2,2,4,1,4,4,4,1,3,1,2,0,4,4,0,4,2,1,0,0,1,0,0,1,1,4,2,2,2,0,1,0,1,1,3,2,0,3,2,3,3,3,4,1,2,4,0,0,1,1,0,2,1,0,2,2,0,0,4,3,2,1,3,4,2,2,1,3,1,0,2,1,0,1,4,3,0,3,3,3,0,4,1,1,0,3,0,0,4,2,4,3,4,0,3,3,0,3,1,1,1,3,3,2,3,1,0,2,0,4,0,0,3,1,1,4,0,0,4,0,3,4,3,2,1,1,4,1
164627:1,4,3,4,1,1,2,3,2,2,1,0,2,4,1,2,0,4,1,4,4,2,0,4,4,1,0,2,1,1,0,0,4,2,4,1,0,1,2,2,1,1,3,2,3,3,2,4,3,3,4,0,2,1,3,4,2,2,4,3,1,4,3,3,1,4,4,0,1,2,1,1,3,1,1,3,4,1,2,2,0,3,3,2,4,2,1,0,0,0,0,2,3,1,4,3,2,0,0,2,1,0,4,2,1,1,0,1,3,1,2,2,3,2,1,4,0,0,1,0,0,3,2,0,4,3,1,4,1,0,3,2,3,0,2,1,4,4,2,2,3,1,1,0,0,1,2,2,2,0,0,4,4,2,1,4,4,1,4,4,2,0,0,3,0,0,4,1,4,3,2,2,3,0,4,0,1,4,1,3,0,2,3,0,0,0,3,1,2,0,0,0,3,0,1,4,0,0,0,3,4,3,3,4,2,2,2,4,3,2,1,3,1,1,4,0,0,2,0,3
177789:4,2,2,4,1,3,2,3,2,2,3,0,2,3,3,2,3,4,1,3,1,1,2,1,0,2,0,4,3,1,2,3,1,1,0,0,3,0,2,0,3,1,2,2,2,0,0,0,1,2,4,4,4,0,2,4,0,2,2,3,2,2,1,3,2,1,3,1,3,1,4,4,2,3,4,3,1,1,2,3,0,4,3,1,4,1,1,2,0,0,2,3,3,3,1,2,2,0,1,3,2,0,1,2,0,1,0,1,1,4,4,3,4,0,4,2,3,3,1,0,0,3,2,4,0,0,2,1,1,0,0,2,3,2,3,2,2,2,1,4,2,1,2,2,0,1,2,1,2,1,0,4,4,2,1,4,2,3,4,4,2,0,0,1,0,0,4,1,0,3,2,2,3,0,4,0,4,4,1,3,4,2,1,0,0,0,2,1,2,0,0,3,3,0,2,4,0,0,0,3,3,3,3,1,2,2,2,3,3,2,1,0,1,1,4,0,0,2,3,4
218108:4,2,2,4,1,3,2,3,2,2,3,0,2,4,3,2,4,4,1,1,3,1,2,0,2,4,0,4,0,1,2,3,3,1,0,0,4,0,2,1,4,4,2,2,2,0,1,0,1,2,4,4,4,0,2,4,0,2,2,3,2,2,1,3,2,1,3,1,1,1,4,4,2,3,4,3,0,1,2,3,0,4,2,1,4,1,1,2,0,0,2,3,3,3,1,2,2,0,1,3,2,0,1,2,0,0,0,1,1,4,4,3,4,0,4,2,4,3,1,0,0,3,2,4,0,0,1,1,1,0,0,2,3,2,3,2,4,2,1,4,1,1,1,2,0,1,2,1,2,1,0,4,4,2,1,0,2,3,4,4,2,0,2,1,0,0,4,1,0,3,3,2,3,0,4,0,2,4,4,3,4,4,1,0,0,0,2,1,2,0,3,3,3,0,2,4,0,0,0,3,3,3,3,1,2,2,2,3,3,2,1,0,1,0,4,0,0,2,3,4
232297:1,2,2,1,1,1,2,3,4,4,2,1,2,0,0,0,3,0,1,3,2,4,1,1,0,0,0,4,0,0,2,0,3,3,2,2,1,3,2,3,4,4,3,4,0,2,0,3,0,0,2,3,0,0,3,2,4,2,4,0,1,2,2,3,0,2,0,3,0,2,1,0,1,2,2,3,1,3,3,4,4,1,2,0,4,4,1,1,4,2,0,4,1,2,0,4,1,1,1,4,1,0,4,4,1,3,4,0,4,2,0,4,2,0,2,2,3,3,1,4,3,1,2,0,2,1,0,4,1,4,0,3,3,0,0,4,0,2,1,2,1,2,0,4,0,2,2,3,4,3,0,1,4,1,4,0,2,3,2,0,4,1,4,3,1,3,0,4,4,0,0,0,1,3,1,3,0,2,0,3,2,3,4,2,0,4,4,2,0,1,1,2,2,3,2,1,1,2,0,4,4,3,4,0,0,4,1,2,0,2,1,4,3,0,3,2,4,4,2,4,2,3,1,1,2,2,1,2,0,3,2,0,2,0,3,2,0,0,3,3,4,1,4,0,0,4,2,1,2,0,0,1,2,1,2,1,0,2,1,0,0,3,0,4,0,2,2,1,3,4,1,1,0,1,1,4,3,3,0,2,4,1,2,2,2,2,1,2,1,0,4,2,3,2,0,3,0,2,1,0,3,3,1,2,3,3,1,2,3,3,3,0,0,0,2,3,2,1,3,1,1,2,0,3,3,2,0,1,4,1,0,3,1,2,2,4,3,1,1,1,1,2,3,3,2,1,4,2,4,2,0,1,4,4,2,0,4,0,1,2,0,2,3,4,4,4,3,0,0,2,0,3,2,1,2,2,2,4,1,3,3,4,0,1,0,1,4,1,0,0,2,0,0,0,3,1,2,4,1,3,1,2,3,0,4,0,3,4,2,2,1,2,1,1,1,1,1,0,2,3,4,0,3,1,1,3,3,1,0,1,1,0,3,3,2,4,2,3,2,4,4,1,1,2,4,2,0,2,1,0,1,4,3,3,3,3,2,1,4,1,3,3,4,3,0,4,2,0,2,4,2,3,4,4,1,2,3,4,1,3,4,0,0,1,0,4,0,2,1,1,4,1,0,3,2,1,1,0,3,3,4,3,4,0,0,2,2,0,4,3,1,0,3,0,4,4,0,4,3,3,4,0,4,0,1,1,3,3,0,0,4,2,3,4,1,2,4,2,0,1,2,0,2,2,4,4,4,3,2,2,3,0,1,3,0,2,3,2,2,1,1,4,3,0,4,1,3,0,4,3,4,4,4,4,1,3,4,3,1,0,4,1,2,0,0,1,0,2,3,4,1,3,4,2,1,0,4,4,1,4,4,0,1,3,3,3,0,0,4,0,0,0,1,1,1,4,3,2,0,2,0,0,4,1,0,2,2,3,2,3,1,3,3,2,4,3,4,2,2,2,3,1,2,0,2,1,2,4,4,0,4,1,0,2,1,1,1,3,2,0,2,0,0,0,0,1,2,1,0,0,4,2,0,4,3,3,2,1,1,2,4,3,1,0,3,4,4,2,2,3,4,4,0,2,0,4,1,2,3,2,3,4,3,4,4,1,3,0,3,3,3,4,1,4,4,1,3,1,1,0,4,2,0,0,2,3,3,4,2,3,3,1,1,0,0,0,2,3,3,2,4,1,0,0,1,3,0,1,4,3,2,0,3,3,0,3,0,2,0,4,0,0,3,4,4,0,2,2,3,0,3,1,1,0,1,3,2,3,0,1,2,0,4,3,1,3,1,3,3,4,2,1,3,2,4,2,3,1,4,3,1,2,2,0,3,1,1,1,4,4,1,1,2,0,2,4,2,4,0,0,1,0,2,4,1,1,2,3,0,2,4,4,0,0,1,3,1,1,3,1,2,1,2,0,3,0,3,3,0,4,2,0,0,1,0,3,0,2,0,0,1,3,3,4,2,0,2,4,1,4,0,4,2,3,1,0,3,0,4,1,3,2,0,3,3,2,1,4,4,1,4,4,4,3,0,3,0,1,2,4,3,3,0,0,2,1,4,2,1,3,0,4,1,2,3,4,4,0,3,4,2,1,0,2,2,2,0,0,0,2,3,1,2,3,3,0,4,4,3,1,0,4,0,4,4,3,4,3,1,4,1,4,2,1,2,0,2,3,1,1,4,4,4,2,3,1,4,3,1,3,2,4,2,2,3,1,4,1,4,0,3,1,2,0,2,4,0,4,1,2,0,0,3,0,0,1,1,4,2,1,3,0,1,0,3,4,3,2,0,4,3,3,2,3,3,1,1,0,0,1,1,0,0,1,3,3,4,2,0,2,3,4,0,0,4,0,1,4,4,0,0,2,4,2,2,1,2,0,2,1,2,4,2,2,1,1,4,4,3,2,4,1,1,1,1,3,0,3,4,1,0,0,3,3,2,3,3,0,1,1,1,1,4,2,4,3,1,4,0,1,1,0,4,3,2,4,3,3,0,2
278597:4,2,2,4,1,3,2,3,2,2,0,0,2,4,3,2,0,4,1,1,3,1,2,2,2,4,0,4,0,1,2,3,3,1,0,0,4,0,1,1,4,4,2,2,2,0,1,0,1,2,4,4,4,0,2,4,0,2,2,3,2,4,1,3,2,1,3,3,1,1,4,4,2,3,4,3,0,1,2,3,0,4,2,1,4,4,1,2,0,0,2,2,3,3,1,2,2,0,1,3,2,2,1,2,0,0,0,1,4,4,4,0,4,0,4,2,4,3,1,0,0,3,2,4,0,0,2,1,1,0,0,2,3,3,3,3,4,4,1,4,1,1,1,2,0,1,2,1,4,1,0,4,4,0,2,0,2,3,4,4,2,0,0,3,0,0,4,1,4,3,2,0,3,0,4,2,1,4,1,3,0,2,3,0,0,0,3,1,2,0,0,0,3,0,1,4,0,0,0,3,4,3,3,4,2,2,2,4,3,2,1,1,1,2,4,0,4,2,0,3
283043:1,2,2,1,1,1,2,3,4,4,2,1,2,0,0,0,3,0,1,3,2,4,1,1,0,0,0,1,0,0,2,0,3,3,2,4,1,3,2,3,4,4,3,4,0,2,0,3,0,0,2,3,0,0,3,2,4,2,4,0,1,2,2,3,0,2,0,3,0,2,2,0,1,2,2,3,1,3,3,4,4,1,2,0,4,4,1,1,4,2,0,4,1,2,0,4,1,1,1,4,1,0,4,4,1,3,4,0,4,2,0,4,2,0,2,2,3,3,1,4,3,1,2,0,2,1,0,4,1,4,0,3,3,2,0,4,0,2,1,2,1,2,0,4,0,2,2,3,4,3,0,1,4,1,4,0,2,3,2,0,4,1,4,3,1,3,0,4,4,0,0,0,1,3,1,3,0,2,0,3,2,3,4,2,0,4,4,2,0,1,1,2,2,3,2,1,1,2,0,4,4,3,4,0,0,4,1,2,2,2,1,4,3,0,3,2,4,4,2,4,2,3,4,1,2,1,1,2,0,3,2,0,2,4,3,1,0,0,3,3,4,1,4,0,0,4,2,1,2,0,0,1,2,1,2,1,0,2,1,0,0,3,0,4,0,2,2,1,2,3,1,1,0,1,1,0,3,3,0,2,4,1,2,1,2,2,1,2,1,0,4,2,3,2,0,0,0,2,1,0,3,3,1,2,3,3,1,2,3,3,3,0,0,0,2,3,2,1,3,1,1,2,0,3,3,2,0,1,4,1,0,3,1,2,2,4,3,1,1,1,1,2,3,3,2,1,1,2,4,2,0,1,4,4,2,0,4,0,1,0,0,2,4,1,4,0,3,0,0,2,4,3,2,1,2,2,2,4,1,3,3,4,1,0,0,1,4,1,0,0,2,3,0,0,3,1,2,4,1,3,1,2,3,0,3,0,3,4,2,2,1,2,1,1,1,1,1,0,2,3,4,0,3,1,1,3,3,1,0,3,4,0,3,3,2,4,3,3,2,4,4,1,1,2,4,2,0,2,1,0,1,4,3,3,3,3,2,1,4,1,3,3,4,4,0,3,2,0,4,4,2,3,4,4,1,2,3,4,1,3,4,0,0,1,0,4,1,2,1,1,3,1,0,3,2,1,1,0,3,3,4,3,1,0,0,2,2,0,4,3,1,0,3,0,4,4,0,1,3,3,4,0,4,0,1,1,3,3,0,0,4,2,3,4,1,2,4,2,0,4,2,0,2,2,4,4,4,3,2,2,3,0,1,3,0,2,3,2,2,1,1,4,3,0,4,1,3,0,4,3,4,4,4,3,2,3,4,3,1,0,4,1,2,0,0,1,0,2,1,4,1,3,4,2,1,0,4,4,2,4,4,0,1,3,3,3,0,0,4,0,0,0,1,1,1,4,3,2,0,2,0,0,4,1,0,2,1,3,2,3,1,3,4,2,4,3,4,2,2,2,3,1,2,0,2,1,2,4,4,0,4,1,0,2,1,1,1,3,2,0,2,1,0,0,0,1,2,1,0,0,4,2,0,4,3,3,2,1,1,2,4,3,1,0,3,4,1,2,2,3,4,4,0,2,0,4,1,2,3,2,3,4,3,4,4,1,0,0,3,3,3,4,1,4,4,1,3,1,1,0,4,2,0,0,2,3,3,4,2,3,3,1,1,0,0,0,2,3,3,2,4,1,0,0,1,3,2,1,4,3,2,1,3,3,0,3,0,2,0,4,0,0,3,4,4,2,3,2,3,0,3,1,1,0,2,3,2,3,0,1,2,0,4,0,1,3,1,3,3,4,2,1,3,2,4,2,3,1,4,3,1,2,2,0,3,1,1,1,4,4,1,2,2,0,2,4,2,4,0,4,1,0,2,4,1,1,2,3,0,2,4,4,0,0,1,1,1,1,3,1,2,1,2,0,3,0,2,3,4,4,2,0,0,1,0,3,0,2,0,0,1,3,3,4,2,0,2,4,1,4,0,4,2,3,1,0,3,0,2,1,3,2,4,3,4,2,1,4,3,1,4,4,4,3,0,3,0,4,2,4,3,3,0,0,2,1,4,2,1,3,0,4,1,2,3,4,4,0,3,1,2,1,0,2,2,2,0,0,0,2,3,3,2,3,3,0,4,4,4,1,0,4,0,4,4,1,4,3,1,4,3,4,2,1,2,0,2,3,1,1,4,4,4,2,3,1,4,3,1,3,2,4,2,2,3,1,4,1,4,0,3,1,2,0,0,4,0,4,1,2,3,0,3,0,0,1,1,1,2,1,3,0,1,0,3,4,3,2,0,4,3,3,2,3,3,1,1,0,0,1,1,0,0,1,3,2,4,2,0,2,3,4,0,0,4,0,1,3,4,0,0,2,4,2,1,1,2,0,2,1,2,4,2,2,1,1,4,4,3,2,4,1,3,1,1,3,4,3,3,1,0,0,3,3,2,3,3,0,1,1,1,0,4,2,4,3,1,4,0,1,1,4,4,3,2,0,3,3,0,3
279841:4,2,2,4,1,3,2,3,2,2,0,0,2,4,3,2,0,4,1,1,3,1,2,2,2,4,0,4,0,1,2,3,3,1,0,0,4,0,1,1,4,4,2,1,2,0,1,0,3,2,4,1,4,0,2,4,0,2,2,3,2,4,2,3,2,1,3,3,1,1,4,4,2,3,2,3,0,1,2,3,0,4,2,1,4,4,1,2,0,0,2,2,3,3,1,2,2,0,1,3,2,2,2,2,0,0,0,1,4,4,4,0,4,0,4,2,4,3,1,4,1,3,0,4,3,4,2,1,1,1,0,2,0,3,3,3,3,1,1,4,1,1,1,0,3,1,2,4,4,1,4,2,3,2,2,0,0,3,4,4,1,0,0,4,0,0,4,1,4,1,2,1,3,0,4,2,1,4,4,3,3,2,1,0,0,0,3,1,2,0,0,0,3,0,4,4,0,2,0,1,4,3,3,4,0,2,2,4,3,4,1,1,1,0,0,0,4,0,2,4
302881:4,2,2,1,1,3,2,3,2,2,2,0,2,4,3,4,0,4,1,1,3,1,2,2,4,4,0,4,0,1,2,3,3,1,0,0,4,0,1,1,4,4,2,2,2,0,1,0,1,2,4,4,4,0,0,4,0,4,2,1,2,4,1,4,4,1,3,3,1,1,0,0,2,3,0,3,2,1,1,2,0,4,2,1,4,4,1,2,0,0,0,2,3,3,1,2,2,1,1,3,2,3,1,2,0,0,0,1,4,2,4,3,3,4,4,2,1,3,1,0,0,3,1,1,0,0,0,1,4,2,4,2,3,3,3,4,4,2,1,4,1,1,2,0,1,1,3,4,4,1,0,0,2,0,1,0,0,4,4,3,1,3,3,3,4,0,0,1,4,3,2,3,3,2,4,1,0,0,4,4,3,1,1,0,4,2,3,1,1,0,1,0,3,1,4,2,2,2,0,1,4,3,3,4,0,2,2,0,2,4,3,4,1,2,3,3,0,2,4,3
309219:4,2,2,4,1,3,2,3,2,2,0,0,2,4,3,2,0,4,1,1,3,1,2,2,2,4,0,4,0,1,2,3,3,1,0,0,4,3,1,1,1,4,2,1,2,0,1,0,3,2,4,1,4,0,2,4,0,2,2,3,2,4,2,3,2,1,3,3,0,1,4,4,2,3,2,3,0,1,2,3,0,0,2,1,4,0,1,2,3,0,2,2,3,3,1,2,2,0,1,3,2,2,1,2,0,0,0,1,4,4,4,0,4,0,4,2,4,3,0,4,1,3,0,4,3,2,2,1,1,1,0,2,0,3,3,3,3,2,3,4,0,1,2,3,2,1,1,1,1,0,3,0,3,0,3,1,0,0,4,1,1,3,2,0,2,1,0,0,4,0,1,3,4,3,3,1,4,4,3,1,2,1,4,0,1,1,1,1,1,1,3,3,4,0,3,4,2,3,4,1,1,1,1,4,4,4,2,2,4,0,2,1,1,0,2,2,1,4,4,3
333950:4,2,2,1,1,3,2,3,2,2,2,0,2,4,3,4,0,4,1,1,3,1,2,0,4,4,0,4,0,1,2,3,3,1,0,0,4,0,1,1,4,4,2,2,2,0,1,0,0,2,0,4,4,0,0,4,0,4,2,1,2,4,1,4,4,1,3,3,1,1,0,0,2,3,0,3,2,1,1,2,0,4,2,1,4,4,1,2,1,0,0,2,3,3,1,2,2,1,1,3,2,3,1,2,0,0,0,1,2,2,1,4,3,4,4,3,1,3,1,0,0,3,1,1,1,0,0,1,4,2,4,2,3,3,4,4,0,2,1,4,1,1,2,0,1,1,3,4,4,1,0,0,2,0,1,0,0,4,4,1,1,0,3,1,4,1,0,1,4,3,2,3,3,2,4,3,0,4,3,0,3,0,1,0,2,0,2,1,2,0,4,0,3,3,4,4,0,2,1,1,4,3,1,4,0,2,2,2,2,4,1,0,1,4,0,2,4,0,4,2
286965:1,2,2,1,1,1,2,3,4,4,2,1,2,0,0,0,3,0,1,3,2,4,1,1,0,0,0,1,0,0,2,0,3,3,2,4,1,3,2,3,4,4,3,4,0,2,0,3,0,0,2,3,0,0,3,2,4,2,4,0,1,2,2,3,0,2,0,3,0,2,2,0,1,2,2,2,1,3,3,0,4,1,2,0,4,4,1,1,4,2,0,4,3,2,0,1,1,1,0,4,1,0,4,4,1,3,3,0,4,2,0,4,2,0,2,2,2,3,1,4,3,1,2,0,2,1,0,4,1,4,0,3,3,2,0,4,0,2,1,2,1,2,0,4,0,2,2,3,2,3,0,1,4,1,4,0,4,3,2,0,4,0,4,3,1,3,0,4,4,0,0,0,1,3,1,3,0,2,0,3,2,3,4,2,0,4,4,2,0,1,1,4,2,3,2,1,1,2,0,4,4,3,4,0,2,3,1,2,2,2,1,4,3,0,3,2,4,4,2,4,2,3,4,1,2,1,1,2,0,3,2,0,4,4,3,1,0,0,3,3,0,1,4,0,0,4,2,1,2,0,0,1,2,1,2,1,0,2,1,0,0,3,0,3,0,2,2,1,2,3,1,1,0,1,2,0,3,3,0,2,4,1,2,1,2,2,1,2,1,0,4,2,3,2,0,0,0,2,2,0,3,3,1,2,3,3,1,2,3,3,3,1,0,0,2,3,2,2,3,1,1,2,0,2,3,2,0,1,4,1,0,0,1,2,2,4,3,1,1,1,1,2,3,3,2,1,1,2,4,2,0,1,4,4,2,0,4,0,1,1,0,2,4,1,4,0,3,4,0,2,4,3,2,1,2,2,2,4,1,3,3,4,1,0,1,1,4,1,0,0,2,3,0,0,3,1,2,2,1,3,4,2,3,0,3,3,3,4,2,2,1,2,1,4,1,1,1,0,2,3,4,0,3,1,1,3,3,1,0,2,4,0,3,3,2,4,2,3,2,4,4,3,1,2,4,2,0,2,1,0,1,4,3,3,3,2,2,1,4,1,3,4,4,4,0,3,2,0,4,4,2,3,4,4,1,2,3,4,1,3,4,0,0,1,0,4,2,2,1,1,3,1,0,3,2,1,1,0,1,3,4,3,1,0,0,2,2,0,4,3,1,0,3,0,4,4,0,1,3,3,4,0,4,3,1,1,3,3,2,0,4,3,3,4,0,3,4,2,2,4,2,0,2,2,4,4,4,3,2,2,3,0,1,3,0,2,3,1,2,1,1,4,3,4,4,1,3,0,4,3,0,4,4,3,4,3,2,3,3,0,4,1,2,0,0,1,0,2,1,4,1,3,4,2,1,0,4,4,2,4,4,0,1,3,3,3,0,0,4,0,0,0,1,1,1,4,3,2,0,2,0,0,4,1,0,2,1,3,2,3,1,3,4,2,4,3,4,2,2,2,3,1,2,4,2,1,4,4,4,0,4,1,0,2,1,1,1,0,2,0,2,1,0,0,0,1,2,1,0,0,4,2,4,4,0,3,2,1,1,2,4,3,3,0,3,4,1,2,2,3,4,4,0,2,0,4,1,2,4,2,3,4,3,4,4,1,0,0,2,3,0,0,1,4,4,1,3,1,1,0,4,2,0,0,0,3,3,4,2,3,3,1,3,0,0,0,2,3,3,2,4,1,0,0,1,3,2,1,4,4,2,1,1,4,0,4,1,2,0,4,0,0,3,3,4,2,3,2,3,0,3,1,1,0,2,3,1,3,0,1,2,0,4,0,1,3,1,2,3,4,2,1,3,2,4,2,3,1,4,3,1,2,2,0,3,1,1,1,4,4,1,2,3,0,3,4,2,4,0,4,1,0,2,4,1,0,2,3,0,2,3,4,0,0,1,1,1,1,3,1,2,1,2,0,1,4,2,3,4,4,2,0,1,3,0,3,0,0,0,0,1,3,3,4,2,0,2,4,1,4,0,4,2,3,1,0,3,0,4,1,3,2,4,3,4,2,1,4,3,1,0,4,4,3,0,3,0,4,2,1,3,3,0,0,2,1,4,2,3,3,0,4,1,3,3,4,4,4,3,4,2,1,0,2,3,2,0,0,0,2,3,1,3,1,3,0,4,4,3,2,0,4,0,4,4,1,4,3,4,4,3,4,2,1,3,0,0,2,1,1,4,2,4,3,3,1,4,3,1,3,2,4,2,2,3,1,4,1,0,1,1,1,0,3,3,4,0,4,3,2,3,0,3,0,2,1,1,1,1,1,3,4,1,3,0,4,1,2,2,4,1,3,4,2,3,1,1,3,0,3,0,2,4,1,3,2,4,2,3,4,3,4,2,0,1,0,1,3,2,3,3,2,4,2,4,2,2,4,2,1,2,4,2,0,1,1,4,3,3,2,4,1,0,1,1,3,1,3,3,0,0,0,3,2,2,3,1,0,1,1,4,0,4,3,4,3,1,1,0,1,4,4,4,4,2,0,2,3,0,3
290579:1,2,2,1,1,1,2,3,4,4,2,1,2,0,0,0,3,0,1,3,3,4,1,1,0,0,0,1,0,0,2,0,3,3,0,4,1,3,2,3,4,4,3,1,0,2,0,3,0,0,2,3,0,0,3,2,4,3,4,0,1,2,2,3,0,2,0,3,0,2,2,0,1,2,2,2,1,3,3,0,4,1,2,0,4,4,1,1,4,2,0,4,3,2,0,1,1,1,0,4,1,0,4,4,1,3,3,0,4,2,0,4,2,0,2,1,2,3,1,4,3,2,2,0,2,1,0,4,1,4,0,3,3,2,0,3,0,2,1,2,1,2,0,4,0,2,2,3,2,3,0,1,4,1,4,0,4,3,2,0,4,0,4,3,1,3,0,4,4,2,0,0,1,3,1,3,0,2,4,3,2,3,4,4,0,4,4,2,0,1,1,4,2,3,2,1,1,2,0,4,4,3,4,0,2,3,1,2,2,2,1,4,3,0,3,2,4,4,2,4,2,3,4,1,2,1,1,1,0,3,2,0,4,4,3,1,0,0,3,3,0,1,4,0,0,4,2,1,2,0,0,1,2,1,2,1,0,2,1,0,0,3,4,3,0,2,2,1,2,3,1,1,0,1,1,0,2,3,0,2,4,1,2,1,2,2,1,2,1,0,3,2,0,2,0,0,0,2,2,0,3,3,1,2,3,1,1,2,3,3,3,1,0,0,2,3,2,2,3,1,1,2,0,2,3,2,0,3,4,1,0,0,1,2,2,0,3,4,1,1,3,2,3,4,2,1,1,2,4,2,0,1,4,4,2,0,4,0,1,1,0,2,4,1,4,0,3,4,0,2,4,3,2,1,2,2,2,4,1,3,3,4,1,0,1,1,4,1,0,0,2,3,0,0,3,1,2,2,1,3,4,2,3,0,3,3,3,4,2,2,1,2,1,4,1,1,1,0,2,3,4,0,3,1,1,3,3,1,0,2,4,0,3,4,2,4,2,3,2,4,4,3,1,2,3,2,0,1,1,0,1,4,3,3,3,2,2,3,4,1,3,4,3,4,0,0,2,0,4,1,2,3,4,4,1,2,3,2,1,3,4,0,2,1,0,4,2,2,1,1,3,1,0,3,2,1,1,0,1,3,4,3,1,0,0,2,2,0,4,3,1,0,3,0,4,4,0,1,3,3,4,0,4,3,1,1,3,3,2,0,4,3,3,4,0,3,4,2,2,4,2,0,2,2,4,4,0,3,2,2,3,0,1,3,0,2,3,0,2,1,1,4,3,4,4,1,3,0,4,3,4,4,2,3,4,3,2,3,3,0,4,1,2,0,0,1,3,2,1,4,1,3,4,2,1,0,4,4,2,4,4,0,1,3,2,3,0,0,4,0,0,0,1,1,1,4,1,2,0,2,0,0,4,1,0,2,1,3,2,3,1,0,4,2,4,3,4,2,2,2,3,1,2,4,3,1,4,4,4,3,4,1,0,2,1,1,1,4,0,4,2,1,0,0,0,2,2,1,0,0,2,2,4,1,0,3,2,1,1,2,4,3,3,0,3,1,1,2,0,3,4,0,0,2,0,4,1,2,4,1,3,4,3,4,4,1,0,0,2,3,0,0,1,4,4,1,3,1,1,0,4,2,0,0,0,3,3,4,2,3,3,1,3,0,0,0,2,3,3,4,4,1,2,0,1,3,2,1,4,4,2,1,1,4,0,4,1,2,0,4,0,0,3,3,1,2,3,2,3,0,3,1,1,0,2,3,1,3,0,1,2,0,4,0,1,3,1,2,3,4,2,1,3,2,4,2,2,1,4,3,1,2,2,0,3,1,1,1,4,4,3,2,3,0,3,4,2,4,0,4,1,0,3,4,1,0,1,3,2,1,3,0,0,0,1,1,1,1,3,1,2,1,2,0,1,2,2,3,4,4,2,0,1,3,0,3,0,0,1,0,4,3,3,4,2,0,2,4,1,4,0,4,2,3,1,0,3,0,3,1,3,2,4,3,0,2,0,4,3,1,0,4,4,3,0,3,0,4,2,2,3,3,0,0,2,1,4,1,3,3,0,4,1,3,3,4,4,4,3,4,2,2,0,2,3,2,0,0,0,2,3,1,3,1,3,0,4,4,0,2,0,4,0,4,4,1,4,3,4,4,3,0,2,1,3,0,0,2,1,1,0,3,4,3,3,1,4,3,1,3,2,4,2,2,3,1,0,1,0,1,4,1,0,4,2,3,0,3,3,0,4,4,3,2,4,3,3,1,1,3,2,0,3,3,4,3,0,4,4,2,3,4,4,3,4,2,1,4,1,0,4,0,4,3,3,3,2,1,4,3,0,4,4,3,3,2,2,4,3,1,1,1,1,1,0,0,3,2,0,4,2,0,0,1,3,3,4,4,0,4,3,0,4,3,3,3,2,1,2,1,2,4,3,4,0,3,0,3,0,0,3,3,0,0,4,3,2,4,4,2,4,3,2,3,1,1,2,1,2,0
311937:1,2,2,1,1,1,2,3,0,4,2,1,2,0,0,0,3,0,1,3,2,4,1,1,0,0,0,1,0,0,2,0,3,3,2,4,1,3,2,3,4,0,3,4,0,2,0,3,0,0,2,3,0,0,3,2,4,2,0,0,1,2,0,3,0,2,0,3,0,2,2,0,1,2,2,2,1,3,3,0,4,1,3,0,4,4,1,1,4,2,0,4,3,4,0,1,1,1,0,2,1,0,4,4,1,3,3,0,4,2,0,4,2,0,2,2,2,4,1,4,3,1,2,0,2,1,0,0,1,4,0,3,3,2,0,4,0,2,2,2,1,2,0,4,0,2,2,1,2,3,0,1,4,1,1,0,4,3,2,0,4,0,4,3,1,3,0,4,4,0,0,0,1,3,1,3,0,2,0,3,2,3,2,2,0,4,4,2,0,1,1,4,1,3,2,1,1,2,0,4,4,3,1,0,2,1,1,2,1,2,1,4,3,0,3,2,4,4,2,4,2,3,4,1,1,1,1,2,0,3,2,0,4,4,3,3,0,0,3,3,0,1,4,0,0,4,2,1,2,0,0,0,2,1,2,1,0,1,1,0,0,3,0,3,0,2,2,1,2,3,1,1,0,1,2,0,3,3,0,2,4,1,2,1,2,2,1,2,0,0,4,2,3,2,0,0,0,2,2,0,3,3,1,0,3,3,1,3,0,2,4,4,2,3,1,0,2,1,2,4,0,3,0,0,1,3,0,2,4,2,4,0,2,1,0,2,2,3,0,1,3,3,0,3,2,4,3,0,1,1,0,2,1,3,2,2,0,2,1,1,3,3,1,2,2,4,0,4,1,0,3,3,4,3,4,1,4,3,1,1,4,3,3,3,0,1,4,1,1,4,2,4,1,4,2,1,1,3,3,3,4,2,4,3,0,3,0,0,0,3,2,1,1,0,0,0,2,3,3,1,2,1,4,4,0,4,3,2,2,1,0,4,3,2,0,2,0,1,2,2,0,4,1,1,4,0,2,1,4,3,3,1,4,0,0,0,0,4,3,3,3,4,0,3,0,1,1,1,2,3,1,2,3,2,4,3,4,4,4,3,1,3,2,0,3,3,2,0,2,1,2,3,0,3,0,0,4,4,3,1,3,0,4,0,2,2,0,1,2,0,4,0,3,3,0,2,4,3,1,1,4,4,1,0,2,3,2,1,3,1,3,2,0,0,4,2,1,0,0,4,3,0,3,3,1,4,0,0,2,3,4,2,1,4,2,4,3,4,2,1,1,1,3,2,4,0,1,0,3,1,2,0,1,3,1,3,2,3,4,0,4,3,2,3,3,0,2,4,0,0,0,0,1,4,3,0,2,3,1,3,0,2,1,0,1,0,1,4,2,1,3,3,4,1,1,1,1,4,3,2,4,0,2,0,3,4,3,3,3,4,1,3,0,0,2,1,3,1,3,0,2,4,4,1,1,1,4,4,4,3,3,0,4,2,1,3,1,3,2,1,4,4,0,2,3,2,1,1,4,2,1,1,1,3,0,1,2,0,3,3,1,2,4,1,3,4,0,3,0,2,0,1,2,3,0,0,3,2,1,0,4,3,0,3,4,0,2,2,3,1,1,4,3,1,1,1,3,1,1,1,4,1,0,1,3,4,0,4,1,0,4,1,1,1,2,1,2,0,3,1,2,0,1,0,3,2,4,0,3,2,4,4,2,0,4,4,1,1,1,1,3,0,3,2,2,2,3,0,1,1,1,4,0,2,4,2,4,4,2,3,0,4,1,4,3,1,2,2,2,3,4,1,3,0,0,2,3,2,2,3,2,3,0,0,0,4,3,1,1,3,4,4,1,4,4,3,2,2,1,0,0,0,1,0,0,2,2,1,4,4,2,1,0,2,0,0,1,1,0,2,4,1,1,4,2,2,2,0,4,4,3,1,4,4,1,2,4,3,4,0,2,0,0,2,3,0,0,4,0,4,1,3,0,3,2,3,0,0,3,2,3,4,1,1,2,0,2,0,2,4,1,4,2,1,4,0,2,0,3,4,1,2,4,1,1,2,0,3,0,2,2,1,4,1,3,4,4,0,0,2,0,2,3,2,4,2,0,3,4,2,2,1,0,3,2,3,4,1,3,2,3,2,3,0,2,1,0,4,1,1,1,3,4,1,4,3,4,0,1,2,2,2,1,3,1,3,3,1,4,3,3,2,3,2,0,3,4,4,1,1,0,4,3,0,0,2,4,4,4,4,1,2,1,4,0,2,4,1,3,2,3,2,4,1,1,3,4,0,2,1,1,1,0,4,4,4,2,3,4,0,0,1,4,0,0,4,2,4,1,1,0,3,3,0,0,3,3,4,4,0,0,0,4,0,0,3,1,3,2,1,3,1,4,4,1,2,1,4,2,0,0,2,3,4,3,0,3,1,3,2,3,4,2,2,0,0,1,1,1,3,3,1,4,1,0,1,3,4,3,0,1,1,3,3,2,1,3,3,4,0
333950:4,2,2,1,1,3,2,3,2,2,2,0,2,4,3,4,0,4,1,1,3,1,2,0,4,4,0,4,0,1,2,3,3,1,0,0,4,0,1,1,4,4,2,2,2,0,1,0,0,2,0,4,4,0,0,4,0,4,2,1,2,4,1,4,4,1,3,3,1,1,0,0,2,3,0,3,2,1,1,2,0,4,2,1,4,4,1,2,1,0,0,2,3,3,1,2,2,1,1,3,2,3,1,2,0,0,0,1,2,2,1,4,3,4,4,3,1,3,1,0,0,3,1,1,1,0,0,1,4,2,4,2,3,3,4,4,0,2,1,4,1,1,2,0,1,1,3,4,4,1,0,0,2,0,1,0,0,4,4,1,1,0,3,1,4,1,0,1,4,3,2,3,3,2,4,3,0,4,3,0,3,0,1,0,2,0,2,1,2,0,4,0,3,3,4,4,0,2,1,1,4,3,1,4,0,2,2,2,2,4,1,0,1,4,0,2,4,0,4,2
333950:4,2,2,1,1,3,2,3,2,2,2,0,2,4,3,4,0,4,1,1,3,1,2,0,4,4,0,4,0,1,2,3,3,1,0,0,4,0,1,1,4,4,2,2,2,0,1,0,0,2,0,4,4,0,0,4,0,4,2,1,2,4,1,4,4,1,3,3,1,1,0,0,2,3,0,3,2,1,1,2,0,4,2,1,4,4,1,2,1,0,0,2,3,3,1,2,2,1,1,3,2,3,1,2,0,0,0,1,2,2,1,4,3,4,4,3,1,3,1,0,0,3,1,1,1,0,0,1,4,2,4,2,3,3,4,4,0,2,1,4,1,1,2,0,1,1,3,4,4,1,0,0,2,0,1,0,0,4,4,1,1,0,3,1,4,1,0,1,4,3,2,3,3,2,4,3,0,4,3,0,3,0,1,0,2,0,2,1,2,0,4,0,3,3,4,4,0,2,1,1,4,3,1,4,0,2,2,2,2,4,1,0,1,4,0,2,4,0,4,2
333950:4,2,2,1,1,3,2,3,2,2,2,0,2,4,3,4,0,4,1,1,3,1,2,0,4,4,0,4,0,1,2,3,3,1,0,0,4,0,1,1,4,4,2,2,2,0,1,0,0,2,0,4,4,0,0,4,0,4,2,1,2,4,1,4,4,1,3,3,1,1,0,0,2,3,0,3,2,1,1,2,0,4,2,1,4,4,1,2,1,0,0,2,3,3,1,2,2,1,1,3,2,3,1,2,0,0,0,1,2,2,1,4,3,4,4,3,1,3,1,0,0,3,1,1,1,0,0,1,4,2,4,2,3,3,4,4,0,2,1,4,1,1,2,0,1,1,3,4,4,1,0,0,2,0,1,0,0,4,4,1,1,0,3,1,4,1,0,1,4,3,2,3,3,2,4,3,0,4,3,0,3,0,1,0,2,0,2,1,2,0,4,0,3,3,4,4,0,2,1,1,4,3,1,4,0,2,2,2,2,4,1,0,1,4,0,2,4,0,4,2
402892:4,2,2,1,1,3,2,3,2,0,2,0,2,4,3,4,0,4,1,1,3,1,2,2,4,1,0,4,0,1,2,2,3,1,3,0,4,0,1,1,4,2,1,2,2,0,1,0,1,2,0,4,4,0,0,4,0,1,2,1,2,4,1,1,0,1,3,3,0,1,0,2,2,3,0,3,2,1,2,3,0,0,2,1,4,0,1,2,3,0,2,2,3,3,1,2,2,0,1,3,2,2,4,2,0,0,0,1,4,4,1,0,4,0,4,2,4,3,0,4,1,3,0,4,3,2,2,1,1,1,0,2,0,3,3,3,3,2,3,4,0,1,3,3,2,1,1,1,1,0,3,0,3,0,3,1,0,0,4,1,1,3,2,0,2,1,0,0,4,0,1,3,4,3,3,1,4,4,1,1,2,2,4,0,1,1,1,1,2,1,3,0,4,0,3,4,2,3,4,1,1,1,1,4,4,4,2,2,4,0,2,1,1,0,2,2,1,4,4,3
